3.74
4.79
2.49
1.68
4.55
6.98
1.14
0.78
6.42
5.45
1.90
3.36
3.19
5.31
0.83
0.61
3.77
2.49
2.98
2.71
5.65
4.02
1.36
2.82
4.08
4.57
6.91
-0.49
5.26
1.62
-2.93
3.92
-1.97
4.11
-1.49
4.46
5.88
4.95
-0.91
5.15
4.61
3.72
-1.97
3.98
-1.81
2.61
2.32
-1.01
6.38
-2.96
3.90
-1.84
2.31
5.71
6.97
1.98
6.82
-1.69
5.48
-1.59
3.75
0.86
-0.31
-0.71
4.14
1.95
2.87
-2.13
-0.97
4.39
5.76
-2.89
6.45
6.46
0.20
-1.75
-2.28
4.42
-0.33
3.93
6.27
-1.99
6.93
3.61
-0.41
5.23
-0.36
-1.50
4.05
6.36
-1.91
4.37
-1.78
-1.87
2.95
-0.34
-1.16
5.29
2.21
-1.46
0.40
-2.91
-1.30
5.74
1.68
-0.03
2.47
3.81
2.63
2.77
0.76
-1.48
-0.24
-2.25
6.68
-2.35
1.30
2.44
5.25
-2.93
-0.67
-2.08
6.57
-0.14
-0.11
1.47
5.28
6.35
2.76
1.39
-2.36
1.02
0.76
0.79
-0.39
-2.29
2.69
3.72
4.73
3.75
1.05
-0.26
1.65
4.43
-1.72
5.96
-1.36
2.07
4.74
0.28
1.42
5.33
-2.93
1.80
-0.13
4.58
2.83
4.47
-1.00
3.60
4.93
4.41
1.46
4.93
5.66
1.84
-3.00
1.02
3.53
1.09
1.51
2.99
5.03
0.11
5.62
2.11
4.84
4.05
0.33
0.88
2.19
-2.59
6.72
0.65
-0.89
0.39
5.55
4.90
1.67
2.66
-2.01
-2.28
6.03
-0.29
2.07
3.48
1.14
-0.52
1.86
5.35
-2.35
1.67
6.94
6.14
4.41
-1.74
4.59
4.00
6.50
2.55
4.36
-1.79
0.44
0.10
5.17
0.99
1.42
-2.79
5.56
0.52
3.86
5.75
3.31
6.59
4.69
1.45
4.87
6.38
-1.34
-1.53
5.37
4.73
-2.99
3.43
3.73
2.90
3.29
-1.06
-0.69
5.70
-1.91
-1.16
4.49
5.63
-0.93
3.60
-1.36
0.01
-1.82
3.92
-0.81
3.17
5.32
-1.67
-0.05
6.69
-2.44
5.08
-0.14
3.82
5.85
-1.56
-1.71
-2.39
3.40
-0.53
3.67
5.85
2.55
-1.01
3.14
-0.33
1.14
-2.43
-2.08
-2.20
4.85
2.89
-1.46
-0.30
-2.53
-1.00
1.35
3.38
-2.99
-2.46
-1.65
-2.46
-0.69
4.17
1.81
5.36
0.71
6.18
3.23
4.79
6.65
-1.53
-1.17
1.72
3.79
2.08
2.31
-2.74
6.54
1.80
6.11
3.10
-0.77
4.26
2.97
5.35
3.18
0.13
5.05
-0.34
5.50
-0.46
2.13
0.75
5.60
0.79
-0.18
4.44
0.65
6.79
2.54
6.90
1.32
-2.43
4.79
0.22
4.75
-1.96
0.34
0.86
5.71
-2.42
-1.41
2.43
6.71
6.41
2.32
3.52
2.91
6.92
1.92
5.86
1.61
2.73
-1.81
5.32
1.00
1.29
6.58
4.78
6.19
-2.91
0.46
2.48
4.40
-2.73
1.65
-0.50
0.05
5.14
0.43
0.38
3.53
5.92
-0.34
-0.43
2.21
4.47
2.76
2.58
1.43
-0.09
-2.14
6.32
3.14
-0.74
2.76
6.44
3.35
1.97
2.00
2.13
4.03
2.49
3.79
6.60
1.49
-2.75
6.18
-0.70
6.53
-2.01
0.32
3.03
-1.90
-1.95
4.96
6.88
-1.42
6.20
6.40
-0.69
-0.95
-1.55
6.40
6.77
6.74
4.91
-2.85
-0.15
0.45
4.43
-1.16
2.03
6.36
-0.33
6.62
-1.29
6.07
0.13
3.54
-0.79
3.55
4.25
-0.21
-0.71
-2.47
-0.91
1.72
-0.13
6.54
5.08
-1.96
1.93
2.87
-2.80
1.40
2.62
4.95
1.51
-2.09
5.39
0.21
-2.49
6.44
5.85
-2.86
4.48
-2.02
5.19
6.12
5.66
6.70
-1.40
0.33
6.70
2.66
4.61
0.27
6.01
-2.79
-1.34
6.36
-1.41
3.87
2.09
-0.20
-1.12
5.85
2.92
3.50
5.17
2.28
-1.68
6.31
4.83
4.59
1.04
0.93
4.11
-1.11
6.76
4.54
-2.34
1.69
1.65
3.12
0.37
2.66
3.12
4.79
3.06
6.82
0.39
6.65
-1.04
2.23
3.57
5.26
-2.98
-2.86
-2.86
6.86
2.77
-0.28
3.43
4.58
3.58
0.24
-0.18
2.32
1.03
4.83
0.18
4.40
5.22
0.26
0.99
6.84
-0.83
-0.52
2.93
-1.76
1.74
-1.21
1.73
-1.32
1.04
3.40
4.48
5.53
2.86
6.18
0.69
5.93
4.23
0.17
0.47
0.01
3.85
-1.06
2.61
0.51
3.70
0.80
-1.43
4.11
-0.74
0.99
3.08
3.98
0.57
3.99
4.70
3.58
-0.90
3.21
3.24
4.19
2.37
1.66
0.23
0.84
-1.17
-0.22
1.77
-1.14
0.17
6.24
3.16
6.50
-0.85
-2.91
5.33
5.75
-1.65
0.51
6.14
2.09
2.21
6.64
6.09
4.40
3.06
6.85
-0.73
0.14
-1.89
-1.93
-0.40
-0.85
2.96
2.16
4.90
-2.61
5.84
4.43
1.64
5.04
-1.53
3.85
1.75
1.74
5.19
2.22
-0.72
5.95
0.71
4.66
-2.65
5.89
1.36
-2.80
6.87
2.90
4.79
-0.31
5.40
5.01
2.54
3.61
5.91
1.72
-0.73
2.89
1.33
0.54
2.71
-0.91
-0.65
5.24
2.92
-2.42
0.88
2.90
-0.50
0.18
1.24
3.99
2.23
2.16
1.91
-2.77
-1.97
2.51
6.31
3.75
-2.94
2.53
3.08
3.49
2.44
-0.13
4.10
1.69
-1.22
-0.48
0.47
-0.65
1.29
-1.95
2.14
-1.54
0.98
-1.83
3.46
3.57
4.98
-2.27
3.06
-2.82
0.59
-2.35
-0.85
5.44
-1.73
-1.12
3.11
3.63
2.88
0.98
-1.10
0.52
6.04
2.05
-1.04
-1.98
0.45
5.89
4.64
6.47
6.51
-2.99
2.42
-2.78
3.75
2.19
2.14
2.75
2.15
0.23
-1.80
4.09
-1.61
-2.16
-0.47
-1.94
-0.31
-0.96
1.58
1.31
3.46
4.65
6.46
-1.92
-0.22
0.44
1.73
3.95
4.12
5.44
-0.85
6.55
0.12
2.33
5.85
3.12
0.51
0.42
0.84
1.42
-0.85
-0.98
2.25
1.99
3.74
-1.06
4.94
3.99
-0.77
3.95
-2.79
3.68
-0.35
2.37
1.92
1.94
2.48
-0.82
2.16
2.09
6.65
1.42
-0.09
-0.54
-0.22
-1.17
4.98
3.92
2.18
-0.29
2.43
-1.41
2.53
-2.34
-2.19
2.34
-2.58
3.54
6.07
0.95
3.47
2.77
-0.94
5.96
3.15
4.54
6.72
3.58
-0.45
3.54
4.29
-2.71
4.54
5.69
4.78
-1.88
5.51
1.29
3.99
4.74
0.43
2.64
0.97
-0.84
4.47
1.33
1.98
6.06
-2.03
5.85
-0.39
6.80
-1.10
4.60
5.23
-1.43
4.00
0.81
-0.26
4.31
5.56
-1.93
-2.48
0.66
2.03
-2.82
-0.24
2.87
2.33
-0.08
-0.21
3.52
5.99
1.41
3.47
5.63
4.40
-1.84
-2.68
2.11
1.56
-0.29
1.05
1.89
-1.45
6.81
0.99
2.48
4.69
3.23
2.12
-0.06
1.07
-2.63
2.74
-1.44
0.33
1.48
-1.71
2.01
0.84
4.88
2.73
6.52
-1.26
6.96
-2.03
1.90
5.39
0.12
3.74
6.91
-1.38
-2.38
3.75
-1.30
3.89
-2.05
2.25
0.16
-1.56
4.10
-0.57
3.60
-0.58
5.32
0.94
-0.34
4.25
3.54
3.66
-2.79
5.40
3.15
0.01
4.21
5.76
4.63
3.47
4.94
6.82
0.90
5.23
0.40
3.71
-2.37
2.84
3.59
-0.15
-1.35
-1.10
-0.56
-0.92
-2.51
5.95
3.91
2.17
0.01
4.67
1.44
-1.40
3.69
-1.80
-2.56
0.56
5.12
1.26
3.91
5.55
3.16
1.19
-1.23
6.99
6.31
6.22
3.63
6.04
2.81
4.62
4.43
6.31
-0.79
-2.53
5.82
-2.26
0.89
1.24
-1.83
2.66
1.03
4.13
-2.76
0.52
5.15
6.38
0.47
-1.14
5.79
5.31
6.11
6.69
-2.75
2.74
6.85
6.03
-1.72
3.72
1.75
5.68
2.24
4.96
1.52
1.78
2.51
-1.86
-2.53
6.72
-1.03
-2.11
3.98
-0.43
5.75
3.35
-1.04
4.23
1.95
5.99
1.20
6.23
2.63
2.57
4.17
1.93
2.45
-2.22
4.43
-0.16
6.41
-0.77
4.53
-0.99
3.98
-2.59
-1.08
0.39
6.42
3.85
6.43
1.83
5.57
-0.80
4.43
4.33
-1.51
1.17
4.18
1.38
1.00
-1.31
0.40
-2.51
-1.21
5.42
0.47
6.69
6.46
0.06
6.04
-2.16
1.27
6.59
2.45
5.81
5.49
-2.36
1.41
-2.93
-0.64
4.65
3.52
-1.90
3.54
3.53
4.76
-2.32
-0.87
-0.13
5.20
6.46
-1.19
-2.24
5.02
-1.89
2.47
-0.03
5.04
-2.79
0.17
5.04
4.99
4.99
-1.91
-2.89
1.12
4.02
-1.04
0.35
4.70
5.95
6.06
-0.30
6.75
-1.79
-2.80
5.58
4.31
3.76
3.53
-2.27
2.49
6.63
1.44
6.65
0.29
3.42
1.42
2.07
3.87
-2.57
-1.45
1.35
-1.62
6.40
2.66
-1.01
-0.79
0.47
3.85
-1.34
3.75
4.05
-1.16
6.34
0.66
1.85
2.63
3.40
6.71
4.07
4.74
1.60
-0.66
-2.14
1.44
5.81
5.71
6.90
6.98
-0.67
1.63
6.72
-2.14
2.11
0.65
5.77
-2.22
6.71
-2.08
1.35
0.59
-1.02
1.37
2.59
0.16
4.09
0.51
6.46
6.98
-0.13
-0.21
-2.78
-1.76
-2.99
5.20
1.68
6.11
1.69
3.67
2.68
4.57
-2.61
2.66
3.66
-2.25
5.39
5.06
6.19
1.82
3.42
6.91
-0.62
2.24
0.98
-0.75
5.04
-2.99
-1.96
5.07
0.07
5.61
3.35
3.62
5.03
2.30
3.47
1.59
0.35
0.54
0.34
-2.17
1.36
0.50
3.99
1.71
5.27
5.53
3.06
3.06
4.09
1.34
5.53
4.22
-1.99
5.72
-1.09
-2.13
2.02
6.88
-1.98
-1.75
1.77
-1.53
0.43
5.85
4.47
1.03
3.29
-0.85
1.82
6.83
-2.11
6.64
1.62
-2.62
3.53
2.40
0.76
3.99
-0.95
5.55
2.44
5.18
5.77
2.57
6.15
-2.17
-1.72
3.63
1.31
-0.07
4.13
-1.09
-2.02
3.52
4.65
-1.13
-1.95
6.13
0.63
-2.70
-1.80
4.52
-1.17
6.76
4.92
2.54
-0.82
3.08
-1.13
0.87
5.85
-2.21
2.95
-2.30
-2.53
-1.81
5.51
-2.26
1.29
1.98
0.52
2.85
3.61
-1.31
5.05
-0.73
5.22
-2.88
-2.67
6.97
-0.25
-0.95
0.23
5.87
4.76
4.44
-0.25
-1.52
-1.08
0.87
3.87
-2.90
3.44
4.58
4.41
1.43
1.00
-1.07
-2.18
-2.66
0.48
-0.53
-1.24
-1.88
6.15
0.07
4.01
4.15
2.49
6.23
5.19
0.82
3.47
-2.98
4.41
1.05
4.50
5.99
6.26
0.77
-1.01
-2.72
-0.60
1.24
0.18
3.45
2.96
-1.81
5.81
-2.91
6.26
1.58
4.88
0.42
4.61
1.37
3.78
6.62
5.30
4.48
-2.23
5.08
-0.92
1.08
-2.74
6.70
5.48
4.96
2.05
6.22
5.16
-1.98
-1.27
5.74
5.27
5.20
0.16
-2.54
5.05
-1.69
-2.69
0.48
5.91
0.22
1.59
-0.90
5.75
1.94
-2.40
5.87
-1.84
6.43
-1.39
3.42
-0.71
4.89
-0.23
-2.45
2.59
-2.07
2.67
3.65
5.02
3.29
-0.33
2.72
-2.53
-1.76
4.39
6.03
4.14
0.31
2.44
4.60
4.67
6.87
4.65
-2.36
2.83
-0.57
4.70
4.45
4.50
-1.28
3.84
-0.23
6.57
6.44
-2.99
3.22
3.82
1.59
1.84
-2.34
-0.99
5.64
5.00
4.02
-0.76
6.52
0.26
0.19
6.78
3.50
-2.61
-0.15
4.16
1.12
4.00
5.29
-0.90
2.92
1.73
5.98
0.81
-0.47
-0.82
5.80
5.73
-0.69
1.59
2.75
2.22
-1.91
3.26
-2.04
4.63
-2.44
-2.91
2.52
2.00
-1.18
-1.69
0.51
-2.18
-0.51
-2.21
4.74
0.57
-2.67
6.44
1.76
0.88
5.83
-0.99
-2.72
4.47
-2.76
4.45
0.53
-1.80
1.41
5.52
-0.65
0.49
4.09
6.97
1.05
-2.35
1.81
4.41
-0.05
-2.84
6.20
6.77
5.80
-1.51
-0.62
-1.88
3.50
2.34
0.97
3.16
1.80
6.99
2.01
1.37
3.70
-0.31
5.74
1.08
-0.59
-1.57
3.17
3.14
6.48
4.71
4.92
5.47
5.72
6.75
4.00
1.87
-2.20
5.45
1.49
0.92
2.92
-0.77
1.23
4.82
3.73
4.85
-2.49
5.33
1.25
1.41
5.18
4.93
4.99
1.85
0.14
3.22
2.36
3.90
-2.42
4.76
-2.07
6.97
2.78
2.02
2.49
4.59
-0.44
4.87
-2.87
1.80
-0.01
-1.44
-1.54
-1.09
6.27
-2.11
2.16
6.19
4.99
4.74
2.72
3.79
2.57
0.83
-0.11
2.12
6.58
6.58
5.40
-1.37
1.40
2.62
4.28
3.37
6.48
-0.07
2.72
0.32
3.16
2.04
3.92
6.29
5.53
-2.95
-0.03
3.60
-1.47
2.69
-0.07
6.93
-1.97
6.49
2.61
2.54
3.61
2.66
1.15
-1.89
4.56
2.10
0.59
1.22
4.79
2.46
-2.13
1.30
-1.99
0.10
0.12
6.38
-0.40
-1.24
6.23
-0.33
2.64
-1.96
-1.52
2.47
-0.84
2.53
6.22
2.99
5.40
-2.96
-0.40
1.10
1.45
-1.69
-1.25
4.01
5.55
5.45
4.65
6.90
2.66
0.39
6.36
-1.54
-0.65
-0.99
-1.89
-2.73
-0.50
0.29
1.08
-2.03
4.52
-1.17
-2.79
-1.43
2.38
-2.75
1.20
-1.86
-1.23
4.06
3.37
4.29
-1.97
5.32
5.33
-1.45
4.29
-1.06
3.53
1.99
4.81
6.68
-1.26
2.32
2.35
2.11
3.06
4.73
3.36
-2.50
3.96
6.32
-2.40
0.41
3.75
2.21
3.84
4.56
-0.15
3.22
5.21
4.65
6.57
4.62
5.60
0.82
3.42
4.15
3.30
3.63
-1.27
3.52
-2.73
5.14
-1.22
5.04
0.25
-1.92
-0.31
6.92
-1.80
3.70
3.31
1.77
-0.47
-1.73
-0.01
2.66
-1.98
2.05
3.21
1.24
-2.69
5.40
-1.30
4.93
-2.56
1.03
1.42
3.32
0.75
-1.72
-0.53
-1.00
3.48
1.59
-1.40
3.01
6.65
6.84
5.15
5.11
-0.23
-1.77
0.52
1.74
-0.65
5.48
6.11
0.52
3.25
-1.73
0.47
1.90
3.85
-0.98
6.01
1.00
-2.89
4.79
3.57
-0.89
5.18
0.19
1.78
-2.37
5.08
4.15
3.25
-0.12
5.94
6.97
6.46
3.91
0.43
0.16
0.34
-2.36
-1.90
0.35
3.02
6.86
-2.57
5.95
-2.92
6.64
-2.44
5.26
6.46
4.90
5.58
-2.01
-2.05
1.90
-1.51
0.45
-0.11
1.88
1.53
-0.45
6.39
0.61
3.36
5.60
3.28
6.69
3.13
3.61
4.12
-2.79
-1.51
5.94
3.84
2.45
-1.82
-0.72
1.32
4.22
2.40
3.34
-2.96
3.46
1.58
4.65
0.30
4.37
4.14
6.19
1.57
-0.85
5.79
-1.37
6.75
2.48
-2.54
1.69
-2.73
2.11
-1.46
1.62
-1.82
1.78
0.93
-2.33
3.82
-0.32
2.12
2.70
0.91
1.58
-1.69
0.21
5.08
-0.36
2.81
4.00
-1.15
-1.10
-1.41
-0.87
5.87
-2.31
3.23
4.54
0.90
-1.49
4.07
1.07
0.00
-2.89
2.15
0.48
-1.43
2.14
1.26
-1.02
-0.99
4.18
4.19
3.69
2.57
1.74
-0.26
4.62
-0.38
-1.92
-1.71
4.85
4.27
-0.98
1.37
-2.15
4.16
0.75
3.93
0.23
-0.24
5.22
4.83
2.29
-1.16
4.10
-0.69
4.45
2.26
6.53
2.40
-1.87
-1.86
4.38
3.57
5.47
-1.81
0.50
3.07
3.20
4.44
3.63
-0.58
-0.21
5.01
-0.06
0.85
0.65
3.49
3.91
4.50
-2.85
4.95
3.78
5.76
5.35
5.59
-1.19
2.23
-1.81
5.01
-0.02
1.21
2.63
4.20
-2.45
0.20
6.86
-1.68
-1.21
3.94
5.21
6.67
6.79
3.20
1.26
4.85
6.75
1.40
6.70
2.51
-1.62
1.05
5.60
-2.00
-1.77
3.05
4.80
1.09
2.09
0.69
5.45
-0.42
4.38
6.57
-1.42
-2.98
6.64
5.06
1.45
5.19
4.97
1.31
0.15
1.93
1.68
5.37
5.04
6.60
-1.59
0.16
2.23
5.36
4.73
6.75
3.81
-2.82
-2.26
-1.17
4.75
-1.83
4.96
5.90
6.93
4.90
6.66
0.72
-2.08
5.99
-0.21
3.65
4.52
3.30
0.61
-1.00
3.28
2.80
-1.46
2.06
1.92
2.06
0.69
2.29
-0.99
-1.37
-1.39
-1.71
3.96
-1.59
-0.38
3.37
2.72
1.12
2.59
4.75
-1.65
2.99
0.44
4.62
5.39
3.65
2.69
0.27
0.01
-0.57
4.70
5.39
2.68
0.20
0.69
6.28
6.99
0.16
-2.77
2.28
2.45
2.04
0.61
6.33
1.10
3.54
6.87
-2.46
5.15
-0.71
-2.37
4.82
0.03
4.96
-1.59
-1.26
0.42
1.24
4.67
-0.07
5.25
-1.09
4.97
-1.16
-1.44
4.16
-0.06
3.12
3.60
-2.10
4.86
6.12
1.95
6.95
-0.32
-2.76
5.96
0.20
4.84
6.29
5.91
4.51
6.43
-2.63
5.84
3.78
2.07
2.18
-1.15
-2.81
-0.82
-0.60
4.36
-1.25
5.50
6.77
-2.98
4.20
5.70
2.00
1.14
2.24
-1.31
-2.73
-0.15
6.24
6.67
1.72
4.91
5.82
-0.64
-1.16
0.24
-1.27
1.63
-1.35
3.66
6.99
2.39
3.87
-2.73
3.40
-0.86
-2.32
1.87
4.62
-1.42
2.27
6.08
4.24
1.53
6.52
0.69
-0.82
6.67
-1.81
0.77
6.94
-1.65
0.46
1.92
-1.36
-0.57
-0.14
2.09
2.42
3.36
3.22
1.28
-0.31
-2.04
5.59
1.87
1.12
5.52
5.78
-1.81
3.58
2.62
0.98
-1.38
6.43
6.47
1.30
1.11
-2.89
-1.04
6.34
4.04
-2.44
4.47
5.43
3.41
6.09
-2.63
-0.93
0.85
-2.30
4.69
-1.04
3.78
0.40
2.02
2.17
-0.07
1.41
3.20
-1.96
6.87
-1.83
2.69
6.27
5.90
-2.32
-0.08
-1.64
5.73
4.49
1.43
0.08
5.40
-0.99
6.25
-1.17
5.63
0.61
-1.90
-2.68
3.23
0.83
2.35
-1.13
0.94
-0.38
-2.08
-1.31
2.34
2.81
1.46
6.51
-1.76
-0.80
3.66
-2.12
3.10
0.77
1.01
-2.31
-2.02
-2.45
0.05
5.86
0.91
5.04
-1.96
1.64
6.62
6.37
-1.37
6.11
5.80
-1.16
-1.94
4.39
-1.80
6.97
-1.03
0.09
1.81
2.96
4.93
-2.81
-1.14
6.26
4.87
0.39
-0.13
1.53
6.81
-1.84
3.14
6.68
0.81
5.61
-1.18
1.23
-1.06
2.70
2.73
5.53
0.95
1.01
-0.29
4.39
3.01
0.95
1.91
2.33
0.27
5.71
-0.29
4.44
1.41
3.70
-1.69
4.93
-1.45
4.38
3.43
5.31
-0.45
-2.30
1.29
-2.49
1.93
2.03
3.69
2.40
-1.19
2.22
-0.93
4.18
-1.58
0.12
6.34
4.05
-1.84
6.21
-2.03
1.42
3.93
-0.35
2.94
-0.22
5.49
-0.46
5.79
-1.13
-2.03
-1.35
4.89
0.46
-1.69
2.01
-2.77
-2.96
3.22
2.23
0.43
3.98
2.87
-1.07
5.81
1.45
-2.12
6.00
-0.91
2.86
1.72
3.00
-2.53
-1.77
-1.89
3.49
6.27
6.66
-2.65
-0.85
-1.36
2.37
-1.08
4.14
0.74
-0.75
1.09
-0.68
6.22
4.84
0.86
-2.93
0.77
-0.73
-2.35
3.17
4.51
-0.10
4.81
5.29
0.03
4.39
6.75
1.71
4.36
1.94
0.51
6.37
-1.43
4.18
3.25
4.54
5.33
3.12
1.89
-2.97
3.93
5.46
2.41
-0.39
6.02
1.90
2.20
3.03
0.33
3.30
6.65
2.57
5.21
0.96
-0.86
4.62
-0.92
4.48
-1.70
4.35
3.93
-0.51
1.90
6.56
5.10
-0.68
5.20
4.56
0.77
-0.62
4.93
5.33
-2.11
-1.32
4.33
3.21
6.36
-1.87
2.60
3.92
1.35
0.99
6.93
3.63
1.16
6.21
0.14
0.07
-2.74
0.16
2.40
2.93
5.09
2.88
3.38
6.95
-2.17
5.35
2.43
2.27
4.12
4.42
5.07
5.12
-2.08
6.90
1.04
-0.90
-0.90
-0.69
-2.62
3.90
5.46
0.32
-0.45
2.60
2.58
5.77
5.71
1.12
1.03
3.15
-0.51
5.65
4.37
-0.19
1.62
-1.64
0.82
5.44
6.65
-2.84
6.10
4.64
3.72
-0.14
6.34
3.97
6.79
4.52
1.03
6.71
-2.10
4.93
-0.58
1.04
3.87
5.31
-0.43
-1.05
6.89
2.53
1.06
1.14
4.16
1.21
4.30
3.79
3.16
3.15
2.73
2.00
1.94
-0.97
1.22
-0.52
3.41
1.24
5.38
1.13
1.35
5.07
3.90
-0.72
5.27
0.14
5.27
2.00
6.08
1.01
4.53
0.53
-0.90
-2.33
-2.45
4.35
-0.78
5.55
-1.80
6.33
1.14
6.53
1.34
3.33
-2.76
2.03
-0.29
4.61
5.59
6.17
0.44
3.18
2.19
5.85
1.29
4.53
-1.87
-1.27
0.75
-2.86
-1.11
2.28
1.05
2.15
-0.56
-2.35
-2.97
4.92
-0.25
-2.46
5.83
1.10
3.15
4.78
-2.16
-1.26
4.52
-1.02
1.21
0.85
2.55
-2.59
0.91
5.67
3.47
4.11
4.89
4.15
4.17
3.61
4.38
4.05
5.45
-0.06
1.34
5.66
6.58
3.16
4.59
-1.42
4.10
4.77
2.08
4.55
4.78
1.94
1.26
-2.62
-1.47
4.23
2.08
0.19
2.68
3.83
1.60
5.87
3.81
0.60
-0.17
4.37
0.35
2.52
-2.13
-0.09
-2.05
0.98
1.47
1.43
4.52
-1.10
-1.63
5.21
2.68
-1.37
1.63
-1.97
1.64
0.96
-2.43
5.95
3.48
3.60
2.31
4.63
-0.13
-2.65
4.00
6.03
6.14
5.80
4.06
2.31
6.16
-0.76
-0.39
-1.07
5.09
-1.87
-1.15
4.49
4.09
1.64
1.77
0.40
0.62
2.75
4.68
-2.50
1.88
0.22
4.85
4.84
-0.21
3.56
0.55
6.41
6.42
-2.90
5.77
0.27
2.93
3.34
2.03
-2.79
2.07
3.39
-2.92
3.37
-1.96
2.18
2.99
3.36
-2.16
4.88
4.37
4.38
-0.93
3.89
0.57
0.81
-0.51
5.81
-2.55
4.23
3.47
6.62
4.42
1.48
6.99
-0.40
0.22
5.72
-1.27
0.53
4.56
0.94
6.94
5.35
3.03
2.96
-1.83
-1.11
5.10
-0.30
2.47
-2.82
5.92
2.83
3.90
3.03
-0.57
3.14
3.64
4.91
5.84
-1.99
2.31
6.25
4.64
6.62
-1.63
1.40
5.33
2.96
3.65
4.41
3.92
-0.78
2.88
-0.31
2.50
6.81
5.73
1.85
3.74
-2.43
-1.09
6.17
1.10
-2.49
3.62
-2.44
4.13
-1.62
-2.35
-2.52
3.57
0.08
6.29
2.13
-1.47
0.73
6.71
-2.47
4.38
5.77
3.17
3.66
-2.52
2.70
2.05
-1.02
5.16
-0.57
-1.07
0.75
6.76
1.03
1.69
-0.42
1.59
-1.55
0.84
4.08
-2.79
1.16
6.27
-1.13
3.36
4.25
0.43
5.74
3.76
6.90
-2.86
-2.66
6.73
2.08
3.67
-0.88
1.85
-0.01
-2.93
-0.20
1.02
0.88
-1.57
2.28
-2.22
0.95
3.96
5.22
0.71
2.64
0.53
-0.69
-0.96
2.23
1.48
-1.49
-1.31
3.73
-2.25
-0.08
-2.85
5.97
-2.49
3.55
2.73
-1.25
-1.33
-1.63
5.19
-2.63
1.02
-2.51
5.16
3.23
1.84
2.48
1.05
3.53
-1.69
-1.58
0.54
6.70
5.28
4.07
-2.44
1.59
-1.22
3.05
-0.38
-0.38
0.32
6.69
2.52
-0.40
5.28
-2.13
3.68
6.35
4.38
1.64
1.74
3.51
2.68
-0.79
5.72
2.20
5.87
3.77
2.68
3.88
3.23
2.46
3.66
-2.54
-0.15
3.16
3.04
-1.40
0.51
5.10
-2.24
0.19
4.26
-2.94
-0.19
6.81
6.38
-2.73
4.39
3.41
-0.56
0.83
6.52
0.40
3.63
-2.23
4.77
5.13
0.65
2.76
2.75
6.04
6.85
5.22
-0.05
3.81
3.76
1.40
5.85
-2.66
0.14
4.38
-1.65
-0.82
6.53
5.15
-2.87
-0.44
1.79
-0.23
0.74
-0.47
3.22
1.40
5.24
4.09
-1.21
0.40
6.03
6.65
-0.14
2.41
1.87
5.47
-2.88
4.18
-1.61
5.76
1.01
-2.08
6.82
3.74
0.35
3.11
1.48
4.63
0.19
1.85
-2.98
-0.04
6.99
6.09
-0.81
1.26
-1.89
-2.15
1.09
1.81
1.50
-2.18
5.82
4.42
5.47
5.43
-0.92
1.90
4.47
-2.47
2.07
0.66
3.50
6.91
0.57
-2.72
-2.43
0.10
4.84
2.01
4.80
3.15
-1.57
2.60
0.25
-2.75
0.52
-2.39
-0.69
0.62
3.06
1.19
4.44
-1.92
6.92
0.20
1.93
4.90
3.88
-2.64
3.41
4.03
4.98
4.66
-0.68
1.93
-1.45
1.86
0.28
3.40
3.06
3.63
0.19
2.23
4.93
-2.89
4.34
1.79
-0.04
-0.14
5.79
6.42
4.94
0.63
5.41
2.01
1.89
5.63
6.56
0.20
6.30
0.22
-0.34
1.29
0.07
0.81
-0.04
-1.10
2.04
4.77
-1.30
1.09
1.95
-0.71
3.84
6.85
6.99
3.75
-1.10
1.84
5.66
-0.58
1.27
-2.80
-0.96
2.74
3.10
4.65
1.61
1.08
-0.38
1.71
-2.81
-1.51
-0.15
-1.29
6.65
5.10
5.86
4.50
-1.35
3.08
2.45
1.99
0.55
5.12
3.85
3.10
1.42
3.70
-2.92
-1.00
1.52
-0.95
1.40
3.04
-0.04
6.69
2.33
6.54
3.17
5.37
-1.39
-2.65
1.11
-0.60
-0.70
6.84
0.38
3.61
4.19
5.26
4.44
4.28
0.91
-0.57
0.54
3.49
0.84
-2.49
1.79
1.41
3.39
1.00
0.48
3.76
-2.62
2.03
-1.99
2.30
0.09
2.07
0.36
-2.25
6.21
3.61
6.21
3.53
-0.98
-1.34
0.02
-2.23
6.99
4.14
5.09
-2.68
-1.48
6.50
6.37
4.48
4.70
-2.77
1.02
3.34
-2.08
0.66
0.19
-1.73
3.09
2.77
-1.92
5.96
6.07
-2.71
-3.00
4.28
5.90
1.35
6.65
-0.19
3.43
-0.92
2.89
3.95
1.18
-0.03
-0.63
2.07
-2.16
-1.47
-0.17
4.83
4.05
-1.91
-1.77
-0.48
4.21
6.86
-1.96
2.91
5.88
3.38
-2.26
4.43
-2.81
-2.20
-0.65
3.69
2.65
0.41
2.32
2.80
3.09
1.99
5.69
-2.59
4.78
4.19
5.10
0.23
2.65
5.44
-2.44
0.23
2.20
6.08
-1.32
-1.11
3.96
0.61
2.93
-0.79
-1.92
4.47
2.83
-2.76
1.20
-1.83
-1.47
-2.07
6.02
-0.01
2.64
6.34
2.51
5.60
3.47
2.30
-0.43
-2.50
0.01
-2.06
4.32
2.87
-2.41
3.61
2.93
-2.55
6.95
6.55
-1.17
6.19
5.95
5.35
-1.56
6.17
0.58
5.08
-2.11
2.69
-0.02
3.52
0.81
6.49
3.79
0.34
1.47
1.84
-0.12
5.24
6.77
-0.00
-0.90
0.76
2.13
3.30
-2.27
-1.66
-1.70
3.83
-0.81
-1.85
6.04
1.70
6.81
1.19
5.41
0.41
5.75
5.25
2.63
1.84
-2.65
1.44
3.67
-1.95
1.73
2.20
3.82
5.66
4.54
-2.65
-0.96
2.03
5.26
3.41
5.97
-0.56
-2.19
1.11
5.86
4.50
-1.54
-2.25
4.88
-2.06
6.01
4.03
-1.15
4.49
3.86
0.87
0.90
2.05
5.47
4.09
-1.64
6.00
-2.57
6.07
2.02
-0.87
2.29
5.16
1.47
3.64
3.41
-2.23
0.06
5.78
4.95
-1.02
-2.90
2.24
-2.56
2.37
5.45
-0.06
-1.17
4.69
6.04
6.82
1.51
3.25
4.17
4.37
4.40
-1.97
0.93
3.01
2.52
-2.41
5.47
6.32
3.44
6.83
2.76
-1.71
2.17
-0.22
2.59
0.28
5.17
1.76
0.39
5.58
-0.80
4.48
3.96
2.01
-2.29
-0.52
-2.11
6.41
-2.05
3.73
0.45
-1.42
2.10
3.85
1.38
-1.88
2.88
6.37
4.88
-0.40
-2.07
4.28
1.98
4.51
1.67
2.13
4.87
-1.28
2.62
-2.79
4.53
3.98
6.04
3.10
0.40
2.37
1.86
-2.26
4.88
3.08
-2.39
6.42
6.81
-2.60
-2.26
-0.94
-1.33
4.87
2.06
3.59
-1.59
-0.34
2.42
5.04
-2.93
3.79
1.89
-0.01
-0.61
0.42
6.10
5.09
2.33
3.00
3.74
4.94
3.55
-1.25
-2.04
6.03
0.45
4.06
6.09
-2.01
-1.91
0.37
-0.47
1.19
5.54
-0.57
1.71
6.73
-0.60
-2.67
2.70
3.55
2.67
3.34
-0.18
4.94
-1.47
2.52
1.25
6.53
3.21
3.12
6.17
-0.54
4.38
2.79
2.09
-2.11
2.77
1.89
1.75
-0.24
6.54
5.41
-0.85
3.18
2.29
1.75
6.42
4.49
0.52
5.71
4.30
0.55
5.08
3.91
5.13
-1.22
0.52
-1.98
1.06
-0.17
6.58
-1.53
2.25
6.44
-2.47
5.40
6.78
6.66
4.87
2.47
-0.20
1.91
6.35
-1.25
5.07
2.74
6.44
6.03
5.99
1.63
4.21
-0.30
3.68
-1.01
-0.14
6.54
-2.69
2.96
-2.51
-2.81
0.77
2.72
-2.02
4.06
-2.34
-0.33
6.63
0.87
2.32
5.57
1.11
5.77
-2.68
-1.16
1.41
0.97
1.75
4.56
6.31
3.60
4.51
-0.16
2.69
3.83
6.32
0.57
1.75
6.01
2.90
-2.11
-1.65
4.02
-0.42
-0.24
0.02
-2.47
3.12
-0.56
2.15
6.39
-2.26
-0.39
5.34
-2.43
2.05
0.87
6.37
-2.69
5.94
1.88
2.32
-1.33
1.96
1.68
3.88
-0.39
-2.04
4.31
4.07
3.81
3.02
3.88
3.16
-2.26
4.56
-0.57
3.07
0.16
-0.74
-2.07
-2.48
-0.11
-2.91
4.46
6.86
-0.88
-1.15
3.10
4.09
1.85
2.45
6.14
-2.72
6.96
2.35
-1.16
6.52
-0.59
3.08
3.88
5.33
-0.87
5.63
5.28
-2.43
1.05
6.80
4.76
1.52
-1.93
1.59
3.56
6.10
1.87
-1.70
-0.04
5.71
0.33
4.96
5.02
-2.82
0.08
2.25
6.35
1.22
-0.39
0.91
3.02
-1.51
-1.35
4.05
5.98
3.67
1.12
6.45
2.22
-2.61
-0.41
0.12
3.83
-1.67
-0.42
-1.22
6.63
-1.08
-0.70
4.53
0.44
2.56
1.88
6.87
1.68
3.82
2.41
1.83
0.43
2.04
5.25
0.56
1.58
0.25
2.89
0.74
-2.59
3.00
6.75
-2.64
5.46
2.68
0.27
4.29
-0.42
4.36
-0.94
1.46
-0.53
-1.83
1.75
3.29
3.00
2.55
1.21
1.59
-1.48
0.34
5.59
4.25
6.84
0.42
0.03
2.69
5.29
-0.83
1.27
-1.38
1.73
2.06
2.56
2.36
1.06
0.68
6.68
-2.53
2.28
-0.27
0.62
-2.00
5.36
3.67
6.67
6.24
-0.91
-0.56
0.46
-2.24
6.90
6.11
-1.55
4.39
1.57
4.18
4.97
-2.03
6.30
1.62
6.63
-0.74
2.79
1.96
2.37
2.58
5.70
3.82
6.68
-2.53
-2.01
4.70
3.31
-2.68
5.44
5.11
5.27
0.22
0.51
-1.87
3.86
0.99
-0.63
-0.35
6.57
-2.21
6.80
-1.78
-2.22
0.95
-0.05
1.05
-1.65
3.77
-0.92
6.05
6.99
-0.76
5.51
6.50
5.04
1.33
-0.59
6.88
0.41
-2.19
6.77
4.53
2.22
0.56
1.90
6.78
5.00
-2.61
6.10
4.66
-1.92
0.14
3.78
4.49
0.10
-1.70
-2.44
-2.03
1.11
1.70
5.55
-1.48
1.45
5.31
5.62
1.34
-2.89
-2.13
-2.93
-1.14
-1.83
-1.70
4.18
6.49
1.18
5.67
-0.62
3.31
-0.03
2.31
1.72
6.52
1.14
0.70
0.04
-1.80
-2.54
5.53
2.79
6.99
-1.82
-1.04
6.13
-1.40
0.98
-2.98
0.91
-1.80
5.80
4.44
0.56
2.69
6.91
3.87
2.03
5.97
4.58
2.09
2.09
-2.43
2.65
5.97
1.16
3.92
5.85
4.27
1.01
2.19
1.33
-0.70
5.64
4.27
2.50
3.50
-2.05
-1.32
2.29
1.26
6.09
3.33
4.79
5.01
-2.12
3.00
6.43
1.95
5.88
4.43
5.98
1.46
6.04
-0.09
6.00
-2.15
6.04
-2.13
4.30
0.92
-0.12
1.31
6.10
-0.97
-1.42
4.09
-2.85
6.92
0.86
0.07
6.21
5.50
0.94
6.58
-2.99
-1.39
3.44
3.45
4.43
1.28
4.97
3.95
1.27
2.08
3.89
1.16
3.83
0.52
2.79
0.38
-1.40
5.12
2.09
6.16
-1.49
4.59
4.41
6.45
0.47
6.44
1.32
1.83
0.09
2.80
-2.80
5.97
-1.64
3.54
6.39
6.33
-2.88
4.84
6.41
0.44
-1.32
0.84
6.98
4.08
4.27
-2.68
6.90
3.40
0.26
4.46
-1.14
3.44
6.97
4.87
4.55
-0.57
-0.32
2.10
2.52
-1.57
4.78
5.04
6.17
4.52
2.43
5.71
0.79
6.38
2.77
4.10
2.85
5.18
1.92
-0.31
1.57
-1.96
4.64
-1.89
1.70
-2.43
3.07
-1.78
2.24
5.52
1.61
0.73
-0.75
3.79
4.40
3.56
0.80
-0.26
5.47
1.16
1.56
-0.03
-2.11
-0.16
-1.93
6.30
4.28
2.41
-1.33
4.08
-1.07
-0.95
0.40
3.65
1.81
-2.00
6.88
1.97
-2.98
6.82
1.96
2.39
-0.92
4.01
5.47
6.75
1.51
2.24
2.76
6.58
3.47
-1.23
-0.31
-0.54
-0.98
-1.22
-2.03
1.92
1.47
4.02
-0.61
3.04
5.27
-0.10
-2.26
-2.44
6.42
2.83
1.39
2.68
1.49
0.94
-1.52
-2.40
-2.80
4.88
-1.10
1.91
-0.85
5.74
-2.86
4.77
1.55
1.59
1.74
-2.76
0.22
0.33
2.44
5.87
5.78
0.29
-1.81
0.88
-0.84
1.49
-1.44
0.13
-2.16
0.62
1.47
5.16
6.00
2.68
-1.81
-0.32
2.35
-0.42
0.12
4.51
5.15
1.23
-2.49
-0.96
6.45
1.93
0.02
6.94
1.75
4.19
-0.45
6.05
3.33
2.88
3.92
2.73
2.31
6.72
-0.91
0.15
3.09
3.19
6.04
5.24
-1.76
5.20
6.35
2.55
-2.60
0.61
-0.47
6.22
5.70
1.41
1.45
-0.89
-1.42
1.80
6.82
5.41
-2.43
4.11
-1.49
3.93
0.03
5.52
-0.46
-1.47
-2.61
-2.56
0.62
-2.21
-0.46
6.05
5.16
5.78
1.73
6.45
6.58
1.13
-2.06
3.57
2.60
-2.87
3.98
-2.03
-0.91
-2.02
-2.62
2.34
1.09
6.58
2.37
6.62
4.31
2.19
0.80
1.18
3.09
-2.52
2.34
-0.26
3.57
1.27
-0.31
0.82
6.14
0.26
-1.19
2.43
-1.31
-2.30
5.40
3.00
2.81
1.49
0.82
5.07
-0.16
4.80
4.53
1.50
-2.72
6.31
-1.90
1.19
-2.59
5.85
4.97
4.32
1.21
0.61
0.77
-0.26
2.04
5.26
-1.01
5.58
3.52
5.83
3.81
6.74
6.08
-2.93
3.66
0.95
2.06
4.34
0.49
5.99
0.05
2.47
4.82
-0.73
4.96
-1.18
-1.13
5.93
4.58
0.74
2.36
6.74
2.71
5.00
4.39
5.21
3.59
5.75
4.80
1.44
-0.68
-0.96
5.17
-2.20
5.32
3.34
3.44
3.19
5.54
4.51
-0.67
6.39
-1.75
-0.06
5.36
4.92
0.44
1.26
4.32
-2.50
1.14
-0.57
-0.27
6.89
0.40
2.51
0.85
2.64
4.87
-0.27
0.97
-0.54
5.65
-0.98
5.24
0.20
4.97
2.68
-2.95
4.10
0.27
6.57
6.91
6.04
2.69
6.70
-1.63
2.64
2.19
-0.87
6.22
3.81
-2.49
3.36
4.24
6.43
0.91
-0.62
5.99
5.99
-1.12
1.90
3.25
0.13
1.06
4.55
5.23
6.19
3.47
-1.86
-1.42
4.78
1.66
6.78
2.99
-0.91
0.78
-0.07
2.13
-0.61
1.89
5.52
2.06
-2.41
3.72
4.10
4.25
3.88
-2.85
5.80
6.77
2.11
-0.14
-0.81
0.49
4.68
-0.10
4.57
6.53
0.86
3.01
2.23
4.81
1.12
-1.97
2.34
0.62
4.23
-1.43
1.76
1.02
-2.45
-0.57
3.80
2.39
-0.23
5.77
-0.22
-1.53
4.60
2.52
-1.10
1.23
-0.16
6.43
6.20
3.54
-2.03
-1.81
2.50
1.54
1.01
6.69
3.66
0.29
2.84
1.32
3.08
3.44
5.34
3.84
5.49
2.83
1.25
-1.05
-1.66
5.91
-2.11
5.28
3.20
-2.64
4.51
5.63
6.99
-0.59
2.38
-0.35
-2.85
-1.58
1.37
3.32
-2.58
4.39
3.33
3.28
5.85
-0.45
0.66
0.19
6.67
5.48
0.48
3.20
1.90
-2.79
5.06
-2.51
-2.21
-2.19
2.93
-1.57
-1.20
5.75
-0.94
5.93
2.33
-2.92
1.99
5.99
2.46
3.26
6.04
1.28
-2.57
-0.41
1.00
-0.88
1.26
-1.89
1.30
0.75
4.18
6.40
0.40
-0.13
3.32
6.62
-0.01
4.65
6.51
0.31
1.67
0.59
1.67
-2.18
-2.93
-2.14
4.29
6.69
6.39
1.17
5.03
-2.88
-0.58
-0.65
4.81
-0.31
3.16
5.65
4.90
1.55
3.08
1.57
4.54
5.35
5.88
2.57
-0.64
4.66
4.02
3.27
0.28
4.09
3.07
2.58
4.02
0.81
2.87
-1.25
4.71
5.18
-1.48
0.48
1.60
1.32
1.51
6.17
3.99
4.04
-1.40
2.79
3.68
0.70
1.83
-0.51
1.72
6.60
0.59
3.28
-0.42
5.13
6.58
5.50
6.89
-1.38
-2.90
4.28
3.06
1.17
-1.05
2.66
-3.00
4.84
0.72
4.57
-2.91
1.36
5.98
1.55
-2.81
-2.05
5.48
-0.67
0.46
1.49
-2.58
6.36
1.27
2.52
-1.68
6.64
1.28
-2.36
4.12
6.49
-0.79
1.02
-0.46
-2.97
5.42
1.99
5.81
1.61
1.14
2.97
0.37
2.19
4.48
-2.50
6.30
-0.22
0.14
2.43
6.08
0.15
0.66
5.43
3.98
2.26
3.83
5.04
5.70
6.10
4.23
-1.57
3.62
2.49
-1.55
5.72
0.08
4.04
-0.55
3.59
3.00
5.06
1.51
2.73
-0.71
1.59
0.04
0.03
2.30
-1.24
5.35
6.61
-0.36
1.27
1.47
5.96
0.39
1.43
1.75
-1.04
2.08
2.04
1.03
0.87
1.85
2.68
-2.93
-1.20
2.54
6.25
3.95
-2.42
6.99
2.54
-1.59
4.47
3.93
3.04
0.93
3.71
1.55
-1.64
0.67
5.47
3.96
4.83
0.39
5.33
-2.06
0.96
2.57
1.28
5.28
6.38
4.89
-2.49
-0.23
2.57
-1.81
4.11
5.15
5.95
2.56
3.29
4.33
1.34
5.47
-1.48
-2.43
0.47
6.96
-0.18
5.78
-2.59
4.58
-0.52
5.85
6.31
0.05
-1.33
-0.27
3.76
-0.53
0.86
5.31
0.30
5.28
3.52
5.43
-0.09
0.89
0.59
6.93
4.27
-0.44
5.55
-2.32
-0.66
5.73
-0.61
2.35
4.83
2.92
-0.76
1.40
-0.77
-1.73
4.18
4.32
1.86
5.66
2.21
4.04
-0.62
3.74
6.29
4.38
3.59
5.26
1.35
-1.36
0.98
0.06
6.57
0.71
-2.95
1.17
3.53
-1.12
0.30
5.34
3.49
1.20
6.52
1.83
4.07
4.12
-1.88
4.13
6.61
-0.81
5.92
4.29
1.49
1.89
2.40
1.79
0.29
3.01
2.10
-0.28
2.12
-0.71
-0.41
6.47
4.60
2.10
1.37
1.61
-2.32
-1.79
-0.48
0.92
0.13
1.86
-0.85
6.26
0.60
2.37
0.41
1.66
5.12
2.44
0.06
-2.78
3.63
5.78
2.88
6.66
-0.37
-0.58
-1.32
-0.95
-0.26
6.99
-1.45
5.27
5.26
4.11
2.04
-2.70
5.95
5.85
-1.83
0.40
3.80
5.57
1.07
-1.07
-2.94
-0.75
-0.73
2.47
-0.98
2.61
-0.48
1.49
-1.96
5.38
-2.47
3.03
-2.17
5.95
-0.44
6.53
0.35
-0.42
4.93
5.04
6.26
-0.58
-1.11
-2.85
3.31
2.71
-0.68
5.77
-0.96
6.28
4.63
-0.99
0.93
1.37
-0.77
0.41
6.72
5.16
2.40
0.49
0.16
1.28
1.88
-2.18
3.18
6.85
4.97
-0.70
-2.44
5.21
-0.28
-2.69
1.69
-2.35
4.75
2.15
0.35
-0.71
4.29
5.83
-2.81
2.14
5.64
0.82
5.41
-1.74
1.01
1.92
-2.30
-1.35
4.53
-2.45
0.64
1.01
-0.98
2.36
-0.53
-2.75
2.27
3.81
1.13
3.74
-1.61
3.25
4.23
-0.41
6.53
2.48
-1.70
-1.14
-1.49
2.86
2.39
0.82
-2.06
-2.31
0.70
-1.18
5.11
-0.86
-1.96
3.40
6.51
4.15
1.49
2.89
-0.76
2.83
0.37
1.22
-0.02
-2.73
6.14
-1.27
1.55
0.51
3.56
-0.71
2.71
3.00
-0.06
4.34
1.05
3.87
1.36
5.75
4.79
2.56
6.66
1.90
-0.14
6.92
5.17
-0.70
0.62
2.19
0.19
2.52
0.02
0.86
-1.59
-2.23
3.68
4.32
-0.38
6.94
5.78
-2.81
3.90
-1.49
6.69
5.39
4.33
-0.94
3.67
2.13
-0.31
6.11
-2.44
1.33
4.92
4.48
3.08
2.47
3.32
-1.01
2.91
0.37
3.06
4.47
-1.69
6.91
-0.38
1.12
1.57
1.44
-2.56
-0.58
3.69
3.78
5.38
1.62
6.42
0.44
5.48
-0.82
5.89
-2.82
1.73
2.51
-2.98
-1.34
4.14
-2.95
1.63
1.43
6.40
4.66
-2.44
3.32
5.49
6.39
3.02
-0.31
-1.78
6.83
-1.49
-0.71
-0.88
-0.21
0.86
-1.01
-0.53
0.31
-2.25
0.29
6.70
1.17
0.17
-2.86
-0.74
4.32
6.64
-0.18
3.71
1.87
5.73
6.97
-2.21
-1.16
1.38
1.59
2.44
0.92
-2.77
6.53
-2.73
0.10
1.94
3.37
0.48
3.71
0.95
4.68
0.95
0.39
1.03
-1.79
-1.18
4.29
-0.28
3.51
-0.78
6.88
2.43
-1.49
1.49
2.62
6.03
0.92
2.53
5.34
-1.17
-1.06
-0.76
4.95
1.28
-0.95
1.22
6.10
2.57
3.66
2.61
-1.87
1.86
4.43
5.02
3.06
2.36
0.87
4.57
5.71
3.61
-1.56
4.98
5.35
5.04
0.33
3.61
0.37
1.07
-0.86
-1.79
-1.84
-1.56
5.10
3.64
1.82
4.78
4.29
5.88
6.46
3.05
-1.59
2.37
5.95
0.18
2.02
2.97
0.63
4.40
6.63
-0.51
1.42
3.98
-1.22
2.98
3.41
2.80
-2.26
6.62
6.98
3.13
0.03
-2.80
4.93
5.47
-1.91
-2.28
2.06
-0.70
-2.39
-1.64
-0.98
4.89
4.19
3.74
0.49
2.02
1.59
-2.74
4.52
0.67
4.23
3.23
0.57
3.09
0.42
5.20
-0.19
6.48
4.04
4.74
-1.27
-0.07
6.11
0.75
3.10
4.33
3.51
-1.44
3.47
-2.24
6.82
3.53
-1.17
5.50
-1.67
3.17
4.55
1.42
2.92
-0.28
6.79
6.06
4.33
1.71
-1.28
-1.90
2.13
3.79
-1.58
4.91
3.44
-2.21
2.03
3.86
-1.23
-0.82
-2.55
0.24
1.14
1.40
0.77
-1.56
-0.79
0.55
-2.27
6.73
0.49
4.53
1.05
0.13
1.59
2.25
6.58
-2.43
2.23
1.74
-2.37
6.36
1.80
-1.96
0.54
-0.50
3.87
2.56
1.17
4.31
0.73
4.73
5.13
4.11
4.70
6.16
1.25
5.77
4.83
3.32
-0.00
4.62
-0.95
1.87
3.86
1.03
1.67
0.26
0.06
-1.89
3.31
4.30
2.93
3.72
-0.35
1.22
2.70
3.64
5.04
2.52
6.05
-0.70
6.04
-2.61
6.58
4.84
-1.70
-1.10
0.93
6.78
-2.42
4.34
2.73
-0.06
3.33
-0.59
3.75
1.74
-0.08
3.87
-1.52
-0.18
-2.20
-2.32
0.05
6.81
-0.69
4.11
-1.43
1.58
0.95
5.50
6.05
2.31
-0.29
2.57
1.16
-2.62
1.98
5.59
-0.48
5.30
0.68
5.52
4.12
-2.19
2.71
1.20
5.85
5.58
2.19
5.08
2.57
6.33
4.60
4.65
4.37
0.65
-0.49
5.96
4.11
5.86
4.65
2.88
5.71
1.22
6.55
1.45
0.26
-2.66
3.23
6.26
0.71
-1.67
-0.22
2.66
5.84
2.07
-0.72
6.90
-2.10
3.10
2.15
3.90
3.76
6.06
2.94
3.81
5.28
1.32
2.28
6.91
1.25
6.32
3.05
-2.51
3.01
-1.38
-1.62
-2.63
1.05
3.07
-0.58
-0.52
-1.15
0.88
6.23
-1.11
6.00
-0.68
-0.08
3.13
-0.66
3.14
6.55
3.95
3.26
2.53
2.74
-0.17
5.70
-0.25
-1.13
-2.36
1.59
-0.34
3.51
6.77
0.41
-2.23
1.76
6.31
1.38
4.83
3.17
6.08
-2.03
6.37
4.82
-0.43
3.12
-0.48
4.55
2.46
5.43
6.77
4.07
5.60
4.92
0.81
4.19
6.44
-2.55
6.07
1.25
1.66
1.81
4.79
0.39
-0.20
-0.89
-1.88
5.21
-2.53
-1.00
1.12
3.62
4.19
2.95
-1.86
1.91
4.30
2.03
-2.95
-1.55
-1.07
1.89
0.71
1.21
-1.74
-1.35
-0.66
4.46
5.57
2.97
-0.50
1.16
1.15
2.98
3.24
2.19
5.68
6.04
-0.22
3.02
-2.77
5.55
0.08
6.66
6.68
-0.68
-2.68
5.78
4.01
-2.70
4.24
0.99
0.32
2.12
5.56
6.80
2.28
6.46
4.54
3.42
6.61
3.27
1.35
-2.30
6.46
0.97
-0.11
2.90
4.56
5.77
1.39
3.37
0.45
2.03
1.55
4.89
0.66
4.28
6.70
3.97
5.58
-1.81
2.88
5.24
6.85
-0.05
-1.53
1.26
1.70
1.81
-2.65
5.16
3.33
3.10
3.80
-0.31
-2.17
1.70
6.68
2.29
-1.05
-2.94
-0.91
4.41
-0.96
-1.40
5.95
6.06
4.25
6.52
0.35
-0.98
0.98
-0.06
1.35
0.37
5.01
5.70
5.05
-2.52
6.17
-2.52
-1.01
0.51
4.48
4.53
-1.61
0.74
5.80
6.99
-0.45
1.87
-2.84
1.37
0.01
-1.63
0.96
-1.19
0.74
3.44
-0.58
-2.49
4.98
-2.30
2.97
-1.76
0.84
4.02
-0.17
-2.86
6.78
-2.34
6.44
4.23
-0.78
4.70
5.97
4.57
0.26
4.67
3.31
-1.10
6.17
-1.60
-1.46
4.87
-0.27
0.80
-2.69
4.49
-2.53
0.36
2.10
6.84
6.76
-0.07
6.53
3.10
-0.39
4.61
4.11
-2.92
1.92
3.47
6.87
-2.16
-0.51
1.76
-0.59
4.24
6.77
4.87
-2.29
-1.83
4.31
-1.01
5.13
0.50
1.06
1.19
2.04
1.55
3.84
1.92
0.84
4.74
1.24
-1.38
-1.21
5.54
2.04
-0.58
-2.88
-2.89
5.88
0.61
5.86
4.69
5.47
0.96
4.14
-1.52
6.83
-0.19
4.83
4.65
0.83
2.62
-2.12
6.63
-2.95
5.01
2.43
0.48
1.57
2.68
-1.45
-2.38
6.53
4.63
5.79
-0.97
6.69
5.99
5.88
6.52
-2.57
-0.28
2.63
6.90
0.58
1.90
-1.40
6.82
6.76
5.44
-0.34
-1.74
4.12
0.52
6.19
-1.75
6.97
2.01
1.78
6.51
0.32
-0.41
0.71
2.36
0.87
6.63
5.02
4.36
4.53
-0.23
-1.98
4.93
5.60
-1.17
6.54
5.09
-1.64
-1.49
1.41
6.28
5.09
-0.71
-1.26
6.45
-1.73
6.63
0.20
4.34
1.57
5.56
4.99
4.83
4.93
0.01
5.82
3.05
-2.21
5.41
1.58
3.51
6.72
-2.42
5.52
1.07
3.67
5.25
3.17
5.65
2.82
2.00
1.03
3.70
5.67
1.20
6.60
4.01
-0.74
-0.23
6.18
2.64
-2.01
1.08
0.71
-1.79
-0.82
5.81
2.07
5.03
3.21
5.48
-0.75
1.23
6.44
-0.24
2.49
-0.20
2.76
-0.14
0.51
2.65
2.36
5.15
4.92
4.89
4.81
4.12
-1.73
1.12
-1.38
-0.43
0.43
-0.36
1.29
6.88
-1.17
5.47
5.36
-2.46
1.84
6.17
3.07
2.83
6.86
1.98
4.14
3.26
4.93
1.61
3.49
-2.36
-1.15
2.11
4.86
5.48
-0.34
-2.36
0.28
-2.64
2.80
4.98
0.52
6.70
-0.68
-2.20
-0.48
3.79
-1.36
6.52
5.00
-0.73
-2.92
2.65
0.21
3.79
4.86
-2.31
-1.83
1.63
0.84
3.74
-2.31
4.86
-1.30
1.49
-2.23
-2.08
-1.12
5.51
1.65
4.95
4.49
-0.79
5.85
2.00
-1.50
0.96
-1.71
6.93
5.23
-2.43
5.41
6.49
4.58
-2.81
-0.47
0.38
-0.16
5.02
2.28
0.29
0.43
-1.26
1.96
2.94
2.49
5.81
1.74
-1.71
-0.37
2.43
1.43
-2.28
2.67
2.97
5.69
5.11
-1.02
-1.98
3.58
1.71
1.02
-2.69
4.60
-0.02
0.04
2.69
2.36
2.22
3.75
4.71
4.86
5.51
-2.29
5.22
-2.24
-2.21
-0.16
-2.88
0.69
2.73
1.48
6.93
6.26
-0.03
-0.26
4.58
-0.35
-0.27
0.66
2.88
-1.77
5.49
-0.36
5.12
0.64
-0.78
-2.78
5.46
6.70
3.08
2.08
5.22
-1.46
0.54
4.31
-1.06
-2.59
-2.52
6.47
1.71
5.46
3.90
3.64
3.83
5.71
0.37
-0.75
4.83
0.15
2.05
2.15
-0.61
-2.26
5.98
4.24
6.61
6.56
6.95
6.85
6.53
5.53
5.43
0.23
5.59
6.77
1.50
-2.80
2.74
2.29
2.45
2.79
5.09
-1.51
-2.65
3.69
-2.32
2.69
0.41
5.70
4.71
5.18
2.46
5.96
4.57
3.95
-0.70
-1.64
6.57
3.62
1.63
3.70
6.47
-1.66
5.20
0.88
3.41
-0.91
2.24
4.97
0.90
1.91
1.04
-0.01
-0.14
3.78
6.06
6.68
6.36
4.73
2.40
0.54
3.77
1.49
-1.21
0.76
5.33
-0.54
4.52
-2.25
-2.81
1.09
2.71
0.90
-1.14
6.98
2.77
-1.46
5.38
5.22
3.72
-2.97
4.75
6.42
0.28
6.46
5.85
6.45
6.77
3.07
-1.19
-1.53
-0.95
5.30
6.48
4.64
0.75
-1.48
6.27
3.92
-2.84
5.48
3.71
0.38
-0.00
0.71
2.42
0.30
-2.26
2.48
3.63
5.51
0.32
-0.37
4.37
-0.69
-2.03
4.20
-1.55
-1.75
-1.05
5.90
2.40
5.47
4.36
-2.23
0.23
1.79
3.34
-1.11
5.88
2.40
-1.78
-0.33
1.78
-0.65
-0.89
-1.07
1.14
2.41
5.99
-2.41
6.66
-2.34
4.39
2.72
4.53
3.47
-2.58
2.47
2.76
1.93
2.75
-1.13
-1.36
6.48
6.89
1.77
3.67
-1.55
2.76
3.16
2.81
-0.84
4.51
0.82
-1.34
0.32
5.21
2.57
2.52
1.79
0.99
-0.54
2.57
3.16
0.35
-0.80
0.01
-0.62
-2.19
6.87
-0.98
3.20
6.65
0.37
3.18
5.07
0.79
-1.93
6.47
-0.46
6.46
6.34
-2.30
-0.63
-0.60
3.30
4.02
5.39
-1.05
2.74
5.95
1.05
6.66
3.77
-2.69
5.28
1.14
6.11
5.85
4.69
1.22
-1.37
3.80
5.06
5.64
0.95
1.50
6.22
5.97
4.72
2.13
5.62
5.33
-1.98
3.67
5.87
5.10
0.99
2.26
6.70
-1.99
5.18
4.21
-2.75
6.44
-2.06
5.96
-2.17
1.08
4.31
4.69
-1.69
2.79
-1.09
-1.88
5.28
-1.71
1.88
6.72
-0.54
-1.58
3.90
1.42
5.18
6.46
1.08
-0.13
0.01
2.41
-0.03
-0.31
5.89
6.27
1.56
3.80
2.29
4.71
1.11
5.36
3.72
-2.93
5.51
2.47
2.00
5.68
0.34
0.77
3.40
4.70
0.88
-0.81
1.98
6.38
6.09
0.78
0.66
0.36
0.84
1.67
0.88
0.14
0.04
4.11
0.15
1.91
1.20
4.89
1.27
1.75
2.66
-0.72
6.35
6.04
-0.91
-0.16
5.47
-2.92
3.06
2.38
-0.85
2.24
-0.14
6.80
6.96
4.06
-0.52
5.62
4.31
5.57
2.19
-2.13
1.18
1.51
6.49
4.34
5.70
-0.27
0.37
5.07
-2.38
1.12
-1.49
1.55
-2.33
6.48
1.57
0.43
5.54
6.72
0.86
5.51
5.13
-0.63
6.14
-2.10
0.01
-1.32
6.10
5.49
1.12
-1.14
-0.02
3.84
-0.30
3.26
-0.78
-1.03
0.23
1.07
5.96
4.64
4.24
-0.70
4.08
-0.34
-2.69
-2.17
6.37
5.33
6.23
-1.18
1.61
2.45
2.61
1.69
1.20
0.73
4.33
0.05
2.49
1.33
4.42
3.66
6.12
3.02
6.89
3.59
-0.72
2.59
0.37
-1.65
0.17
4.22
4.04
-2.67
2.68
-2.60
2.38
6.84
3.27
1.76
-1.03
3.45
4.82
5.16
-1.31
1.73
3.10
3.47
-0.44
-2.50
4.54
0.82
0.53
6.28
2.12
4.51
3.61
4.38
2.59
0.71
3.51
0.99
-0.20
1.58
2.05
6.15
5.96
4.49
4.01
-1.80
1.28
-2.09
-2.60
-1.73
-2.79
-2.14
6.11
4.56
1.58
4.34
-2.36
-0.65
5.21
4.52
2.44
-1.34
4.19
2.57
3.63
6.99
-0.02
3.60
2.58
-2.08
0.04
5.95
1.57
2.54
-0.34
-0.92
-1.02
6.46
4.09
-1.41
1.25
5.27
4.52
5.83
4.76
2.98
6.37
-2.34
-1.08
-1.14
3.77
1.41
3.32
6.57
2.05
-2.49
-1.03
-1.00
4.88
6.28
6.40
4.17
-2.82
-1.09
-0.06
1.30
4.25
2.27
0.24
0.04
2.80
-0.17
-1.56
-0.72
4.62
0.42
-0.71
-0.32
1.20
-1.70
5.99
1.73
1.87
5.15
3.64
6.50
6.79
2.66
4.84
6.34
-1.57
-2.10
-1.86
1.00
3.33
4.35
2.25
2.42
0.10
5.04
1.00
-0.66
4.43
1.69
1.63
2.79
4.58
-1.03
1.77
6.96
-0.95
-2.52
1.60
0.30
2.65
3.45
5.21
-1.53
3.82
4.98
-0.65
3.47
-2.20
-0.76
-1.78
2.10
-1.94
-0.80
-0.99
2.99
6.90
5.32
3.64
-2.45
3.09
-2.44
1.29
1.63
4.35
-0.02
4.08
4.91
0.09
2.48
6.99
2.83
5.24
4.80
0.82
-2.51
2.31
-2.81
5.18
4.14
-1.86
0.43
-1.97
0.57
3.67
0.97
6.97
0.86
-2.85
2.73
0.14
1.08
5.33
1.99
3.33
3.10
5.13
-1.09
-1.48
-2.11
-1.06
0.65
1.49
0.50
0.42
4.40
-2.44
1.04
6.63
2.48
1.54
1.19
-2.38
5.19
0.11
3.75
0.27
6.95
4.72
-1.90
-1.78
5.19
-0.34
4.46
-0.39
6.63
6.17
-2.89
2.97
0.39
1.80
-2.16
-1.14
5.34
2.19
-0.84
2.54
1.10
-2.31
-2.79
1.06
-0.87
2.74
6.10
-1.32
4.85
4.76
-1.75
-1.33
-2.72
2.65
2.71
0.46
2.88
-0.64
5.93
1.02
5.36
1.86
6.65
0.53
-1.98
1.51
-0.84
-0.14
3.93
3.31
5.12
2.44
0.78
2.29
4.58
-2.22
0.55
1.57
6.68
2.78
2.40
0.46
-0.81
0.69
5.59
6.99
-0.59
4.74
4.63
0.94
5.98
0.58
3.92
1.38
2.76
-1.64
4.68
3.69
5.75
4.96
-2.87
3.77
0.98
0.27
5.59
2.87
5.11
3.03
0.44
5.71
5.41
-0.84
-0.14
-2.89
4.44
5.52
4.43
6.59
-0.71
3.68
1.85
-2.68
2.87
2.14
-1.31
4.76
4.01
2.92
5.69
2.65
2.58
4.39
5.98
6.20
-2.84
1.03
-2.29
5.90
0.65
6.99
6.69
-1.55
6.02
-0.39
0.98
2.16
5.24
4.71
0.18
-1.55
-0.89
1.71
-1.05
2.56
-0.88
4.10
5.98
-0.65
-2.45
6.18
2.70
1.22
4.08
-2.57
5.34
3.35
3.97
2.34
-1.58
3.00
-0.66
6.68
2.48
4.02
2.47
-0.70
-1.25
0.50
-1.84
0.80
3.61
3.55
6.76
5.86
6.08
2.39
4.53
1.86
4.91
-1.17
4.31
1.58
0.61
-2.67
3.93
2.80
1.81
3.38
3.38
2.76
-2.65
4.05
6.79
4.97
-2.34
3.74
-0.32
-0.43
4.68
-0.08
2.32
2.75
0.72
-0.31
1.70
5.26
6.71
3.14
5.34
-1.10
4.37
5.70
-0.45
0.34
4.65
1.24
3.27
0.81
2.00
1.31
3.30
3.84
4.74
3.18
3.08
0.34
5.09
2.95
0.15
2.93
1.57
3.57
0.18
3.02
5.33
1.97
0.68
4.47
2.40
5.89
6.59
6.44
2.63
0.46
2.75
1.63
-2.04
4.61
1.02
5.92
0.72
4.34
-1.28
5.19
1.72
-0.47
2.26
0.83
5.44
-2.64
-1.29
2.73
-0.82
1.55
3.72
3.22
5.15
-1.32
1.07
-2.63
4.06
5.42
4.18
-1.29
4.04
-1.06
5.51
-2.39
1.63
3.26
0.61
1.61
3.40
-1.32
-2.10
3.19
2.70
-0.52
2.50
-1.59
4.52
3.36
-1.41
-2.71
0.54
-0.16
6.86
3.88
2.66
-2.52
-0.30
-2.30
-1.36
-0.60
6.78
-2.85
2.94
-2.37
6.59
-0.66
0.38
-2.31
2.81
4.82
2.08
-1.79
5.56
3.72
1.17
-1.06
6.38
3.71
0.46
-1.62
2.83
-1.34
0.77
0.33
-2.98
5.89
0.46
-2.04
-2.33
-1.69
6.25
5.95
4.03
5.38
3.44
2.89
4.94
1.46
6.09
-1.55
0.41
3.69
3.25
6.29
6.38
1.68
1.19
-2.22
-2.03
1.63
3.77
5.33
6.64
2.01
6.87
3.19
5.97
3.60
5.46
-2.11
2.01
2.74
-0.90
3.15
2.96
1.20
4.55
2.49
2.89
2.89
5.10
3.37
1.03
0.66
3.62
0.93
5.91
-0.21
0.43
-0.46
-0.83
-2.27
0.76
1.74
3.83
-0.33
-1.51
3.87
1.14
2.66
4.55
-1.02
1.24
4.02
1.70
6.92
1.37
0.87
5.63
0.76
4.61
-1.77
6.74
-0.36
-2.27
-1.67
6.58
4.53
2.99
6.67
4.25
3.76
5.24
2.26
2.71
4.21
2.71
4.26
3.16
-2.29
0.06
3.13
-1.07
4.57
5.20
-2.33
-2.32
5.37
6.90
-2.38
4.80
-1.68
-0.65
3.00
-0.43
1.88
6.08
4.59
-0.76
1.08
4.64
1.97
-2.81
3.35
1.00
4.19
2.71
1.07
-1.19
-1.04
-1.48
4.72
-1.31
-2.64
5.82
2.85
2.45
-0.94
5.49
0.79
-0.16
4.69
4.80
-2.17
1.97
5.25
0.05
1.78
2.29
1.92
-1.87
-0.54
0.44
4.28
-1.50
1.76
-1.11
3.31
-2.79
5.27
-1.03
5.76
-2.73
2.28
6.35
5.02
2.22
6.52
3.90
5.08
3.80
6.14
0.29
3.49
1.77
-2.04
2.65
2.11
6.89
-0.71
-2.19
6.97
1.52
-1.79
-2.86
1.14
0.41
-1.84
6.04
-2.04
-0.93
2.91
6.08
-1.64
-2.08
-2.75
-2.26
5.63
2.31
2.28
2.16
6.51
5.92
-2.14
5.70
0.41
6.14
6.44
5.89
6.72
0.03
-2.98
3.83
-2.41
0.96
-0.45
2.88
-2.90
2.31
-0.40
4.43
1.74
1.66
-0.68
6.50
0.49
6.13
-2.71
1.33
6.54
1.71
-0.32
4.30
-2.58
3.43
2.32
0.13
-1.28
-1.63
3.80
0.50
0.46
6.54
3.06
6.31
5.42
2.72
4.83
-2.08
1.94
2.79
-1.37
3.86
2.08
1.26
4.63
0.31
-1.91
-1.08
-2.68
3.07
1.93
5.84
-1.36
-0.39
5.65
2.24
6.95
-2.16
4.00
-1.40
-2.27
-1.19
0.45
-1.27
6.00
4.85
4.86
-2.05
-0.55
4.17
2.85
-0.04
6.68
4.58
3.16
4.07
0.20
5.74
1.01
1.60
3.65
3.10
-1.33
1.73
1.11
1.93
1.11
2.10
5.66
2.75
5.56
2.32
5.11
6.06
2.72
4.23
0.34
3.20
-0.47
4.73
3.17
0.23
4.13
2.05
0.65
6.66
5.28
2.50
3.43
6.08
1.17
-2.99
5.82
-1.16
3.49
-0.18
-0.61
4.40
5.57
0.09
1.77
1.50
-0.19
-1.09
-0.27
-0.51
3.35
-1.72
3.11
3.67
6.29
-0.19
3.91
4.20
-2.65
0.23
-0.19
-2.56
6.04
3.58
0.80
5.77
3.27
0.28
4.03
4.32
4.06
1.07
-0.20
0.53
1.72
0.10
2.19
-2.01
-2.35
2.33
-1.43
-1.64
3.16
6.29
6.30
3.82
5.46
0.38
5.63
1.02
-2.74
2.56
-1.46
5.73
-1.42
3.14
-2.76
-2.01
2.66
5.17
-1.46
3.77
0.25
0.87
0.01
2.40
2.45
4.92
1.39
-2.42
5.48
-0.08
-2.73
0.62
2.93
-2.88
-2.84
6.44
5.41
6.04
5.57
1.13
2.67
-0.31
1.50
0.65
1.40
3.97
4.04
-1.89
5.46
1.39
-0.99
6.56
5.29
6.48
6.68
4.46
6.78
1.26
6.55
-1.84
5.41
-0.99
5.72
-0.15
0.43
2.71
-0.23
-1.31
-1.36
0.21
2.46
-2.42
5.60
-0.52
6.08
4.25
3.94
3.55
6.23
2.46
-1.60
-0.53
-0.63
1.12
-2.15
0.97
-0.66
6.72
3.05
1.32
4.02
4.42
3.54
6.60
-2.59
6.56
0.76
2.53
-0.67
6.74
-2.28
1.94
-0.01
-2.01
5.04
2.49
0.40
6.64
4.44
1.75
-2.54
-2.46
6.21
1.93
6.60
0.06
2.20
-1.32
5.93
0.66
2.17
-2.48
-0.97
5.01
6.07
1.44
6.20
-0.20
5.09
6.86
-2.91
4.25
4.97
2.16
2.69
4.37
1.26
0.97
5.22
6.38
-1.70
1.62
4.05
4.38
2.03
6.74
1.89
2.58
0.93
5.00
4.75
-1.84
-2.66
-1.90
3.12
-1.08
4.36
3.48
-2.46
-1.91
4.45
5.30
6.87
6.73
-2.47
2.91
2.63
-0.66
-2.73
3.12
-0.06
1.68
5.50
5.04
2.71
-2.99
4.59
-1.09
6.89
-2.95
2.46
5.32
-1.66
5.37
2.93
-2.94
6.65
2.34
-0.31
0.68
6.11
5.13
6.93
0.89
1.91
2.32
0.55
3.20
1.44
1.02
1.75
4.03
-1.03
1.84
6.19
1.22
-2.77
1.16
-0.32
-1.85
-1.23
-0.74
-1.53
-1.87
3.54
1.76
-1.11
2.64
5.70
-1.73
-0.17
5.44
5.36
1.18
3.81
3.01
-0.49
5.67
-2.66
1.42
0.17
-2.26
0.89
5.99
-0.79
3.78
3.81
1.50
0.99
4.35
1.85
4.74
6.62
-0.40
-0.40
2.15
5.81
-2.95
-1.67
5.28
2.31
6.76
2.62
-0.79
0.63
-0.05
-0.25
5.05
6.16
2.40
-0.37
6.97
-1.67
5.00
-0.31
-1.77
6.06
5.74
4.48
6.05
-2.37
3.51
0.07
5.32
0.45
-2.96
3.93
0.70
0.61
-1.82
-2.70
5.27
3.95
1.26
5.93
5.95
-2.54
6.85
3.18
5.76
5.16
4.00
4.27
-0.66
2.76
-2.45
6.65
1.42
-1.52
0.27
2.43
5.98
6.45
-2.62
3.57
4.20
2.08
1.72
-0.50
0.61
-2.87
4.42
4.55
0.46
5.41
1.23
-2.70
-2.37
-1.77
1.03
-0.90
1.68
5.39
2.92
-1.58
-0.31
4.59
-1.44
1.15
-0.20
-2.58
5.73
6.15
5.52
1.05
3.68
6.89
5.77
4.29
-0.62
6.62
-2.73
-1.17
3.91
1.98
-1.86
1.98
4.17
-1.95
3.08
-2.97
6.68
0.43
-2.11
3.44
5.53
1.08
-1.33
3.37
-1.27
6.29
2.42
6.09
6.86
1.86
1.08
4.84
0.02
-2.16
0.94
-1.60
-0.67
5.54
4.87
-0.63
0.09
-2.70
2.97
4.41
2.68
0.18
-1.74
-1.82
5.82
-0.02
1.18
3.53
4.59
-1.51
6.80
2.53
4.56
0.15
-0.72
-0.60
4.42
1.60
4.95
5.85
5.30
2.94
1.67
-1.14
-2.45
-1.70
1.21
3.07
-2.93
0.46
1.20
2.88
-2.95
5.62
0.47
0.41
-2.58
-1.04
-2.82
1.94
-1.51
-2.23
3.31
4.69
-0.77
-2.32
4.92
3.67
-0.06
2.55
1.64
1.00
-0.13
4.71
1.43
4.18
6.93
-0.11
5.27
-0.48
3.68
5.54
3.64
3.83
-2.42
6.67
2.29
4.19
-2.07
0.51
-0.10
1.01
2.13
-2.11
1.77
-1.49
6.55
-1.71
0.54
0.76
-1.34
1.16
-0.04
-0.81
2.01
2.36
0.55
1.38
6.46
1.33
-0.92
0.39
0.40
-0.58
4.15
5.70
6.52
-2.42
-1.27
4.23
1.31
1.67
5.31
-1.42
-2.87
-1.66
2.82
-0.18
2.08
-0.72
6.65
-1.81
-2.17
6.57
2.46
-1.25
-2.94
3.98
3.71
-0.68
1.31
3.81
1.92
-1.37
-1.71
6.14
-1.82
0.96
0.74
1.76
-0.58
2.96
6.95
2.24
0.91
6.69
5.44
-1.00
6.26
2.44
5.84
6.16
4.54
1.59
2.29
2.71
4.58
3.45
-2.80
3.99
-1.29
-2.54
6.04
5.77
-1.42
3.77
5.75
5.50
-1.15
4.41
-1.88
4.29
-0.82
-0.69
3.63
6.05
6.46
5.52
2.01
6.97
0.47
-0.32
2.55
-2.16
2.97
2.40
-2.61
1.07
2.32
5.02
-0.29
1.13
0.60
2.16
0.50
-2.79
-2.91
0.11
6.56
-2.49
1.46
1.94
5.08
5.51
-2.52
6.32
5.40
-1.13
2.77
2.48
0.19
5.24
-0.42
6.57
0.14
6.30
0.87
0.76
5.16
-1.65
1.68
0.60
1.73
4.46
4.57
5.61
2.05
5.93
3.72
6.30
-0.70
5.81
0.93
6.53
4.70
0.12
0.15
-1.84
5.34
0.85
5.85
0.05
5.22
5.66
2.28
6.03
2.93
5.54
4.47
0.48
2.34
1.36
4.69
1.59
3.67
0.12
0.49
1.36
3.87
4.61
4.27
1.94
3.19
2.13
0.98
5.29
-2.92
5.68
0.44
0.40
-0.26
-0.50
-2.42
3.10
6.37
-2.02
3.46
2.94
3.57
2.32
3.58
1.13
5.46
2.63
1.37
0.10
2.23
4.22
3.33
0.81
2.07
1.16
-1.27
1.84
4.75
-0.92
6.42
6.08
0.78
6.29
4.28
-0.03
3.49
-0.48
-1.66
5.21
1.10
1.04
4.61
2.63
5.06
0.01
3.78
-0.80
6.82
5.01
-2.46
6.17
-0.34
2.49
5.96
3.11
3.73
0.78
-1.79
-2.95
1.51
3.70
-1.10
3.26
1.37
0.85
5.63
-1.15
-0.26
1.02
-0.51
0.32
-1.73
0.81
3.44
-0.63
6.12
-2.20
3.01
-0.15
0.53
6.96
-1.82
1.57
0.11
1.98
-0.12
6.37
3.11
4.60
3.59
1.43
-1.39
-0.21
0.94
-2.95
-0.26
1.32
4.79
5.09
0.08
-1.00
5.24
6.77
5.62
0.94
6.61
1.99
4.46
-0.69
3.28
0.32
6.99
3.92
5.81
4.02
4.11
5.42
-0.88
0.58
3.59
4.83
4.67
6.63
-0.50
-1.72
4.93
6.11
-2.86
-2.94
5.75
-1.60
-0.04
4.36
-1.69
0.17
0.09
-2.96
5.78
3.40
6.24
-2.57
-0.14
6.85
1.24
-2.06
0.44
2.06
-0.23
-2.48
2.02
0.91
-1.08
-0.51
-2.66
1.06
6.69
-0.28
-2.14
-1.77
-2.03
3.34
1.46
-1.87
4.86
4.30
-0.27
-2.73
0.24
0.20
4.37
6.46
-0.49
2.44
5.30
6.51
2.87
3.86
3.97
-1.64
0.11
5.23
1.72
-0.65
6.34
-1.93
-2.04
-1.34
5.68
4.16
-2.30
-0.27
1.67
-0.42
-1.53
6.85
4.82
0.00
1.23
3.40
3.66
6.33
2.14
2.56
0.69
5.45
2.35
1.50
-1.31
-2.16
0.51
0.50
4.64
-0.32
1.34
4.71
5.76
4.81
-1.34
6.75
6.92
0.86
5.08
3.29
-2.21
6.90
3.57
0.28
-2.42
-0.83
3.93
-1.69
4.92
2.71
3.52
3.79
2.28
0.55
1.96
-2.59
3.24
1.45
4.85
0.97
6.78
1.80
0.61
6.06
-0.07
2.81
5.01
6.61
-0.38
-1.13
1.72
3.40
6.19
-1.65
-0.54
6.95
2.51
5.36
2.31
3.07
-1.86
5.43
4.53
3.05
6.19
2.98
-0.13
-2.06
-2.81
5.76
4.82
6.28
0.98
-0.24
0.83
0.54
0.80
4.45
2.31
-2.98
3.42
-1.14
2.23
3.71
5.06
1.69
-0.67
5.94
1.09
6.62
5.84
2.65
0.56
4.39
6.63
-1.31
-2.74
-2.10
-1.02
5.16
3.49
0.89
5.72
0.79
5.22
6.94
1.44
5.44
4.23
1.41
-1.93
3.05
6.29
2.02
-0.55
0.20
6.52
-2.67
4.37
1.22
1.54
-2.01
-2.61
2.57
3.20
-1.48
-2.27
1.15
-2.50
2.74
0.41
0.59
0.75
3.13
0.16
-1.00
-0.97
-2.62
2.95
5.34
-2.14
-1.07
1.97
3.09
5.26
2.29
3.41
4.69
1.59
0.74
1.68
-0.64
4.32
2.16
4.97
-2.14
1.77
4.18
-2.35
2.85
-0.40
0.88
-2.24
3.82
6.38
6.82
1.12
6.61
-1.46
-0.23
2.73
6.39
4.26
5.16
5.12
0.32
-0.47
-0.21
-1.40
2.79
2.74
5.95
-1.57
2.86
5.43
-1.75
-1.42
0.50
2.84
6.24
-0.51
3.04
1.20
6.53
3.42
5.41
6.36
-1.12
-2.94
-1.63
6.48
-0.51
5.58
2.02
-1.03
1.60
4.90
-1.21
-0.89
3.90
1.22
0.35
-2.17
-0.51
1.52
3.29
1.79
-1.94
3.53
2.04
-0.31
4.80
-2.96
0.93
-2.12
-0.91
0.85
0.12
5.97
1.25
6.91
5.40
6.70
0.55
-1.46
-2.81
0.07
5.70
3.05
2.87
0.54
2.81
0.13
-1.34
4.09
4.62
0.37
-2.73
6.41
6.24
1.97
-2.80
-1.91
1.69
-0.62
-2.87
4.27
3.09
1.76
-1.86
6.45
3.35
3.04
4.01
6.13
6.78
2.89
0.75
1.01
0.47
5.22
2.40
2.95
2.33
5.59
6.36
-1.18
5.62
-1.67
2.00
0.97
-2.99
4.71
0.28
-2.51
0.83
-1.00
5.62
-2.67
5.76
6.44
5.62
4.90
6.53
-0.51
6.96
-0.44
-2.29
3.29
5.71
5.45
6.98
0.54
5.37
0.75
3.45
6.09
6.83
6.70
1.87
4.12
-2.17
4.37
6.14
2.81
6.68
-0.92
4.48
-1.13
2.95
-0.24
2.33
-0.92
-0.39
1.88
1.02
2.18
3.11
3.71
-0.57
-2.71
-2.60
-0.38
4.44
-0.95
0.76
0.96
-0.35
0.87
-2.93
-0.64
1.45
0.81
-2.32
1.48
0.14
-2.85
-2.28
-1.45
3.30
5.69
1.08
-2.12
4.98
-2.90
0.41
6.90
3.88
1.75
4.42
3.40
-1.61
-0.11
-0.31
-2.70
3.76
6.85
-1.67
6.37
5.43
2.10
6.32
4.62
6.81
6.06
-0.40
3.11
3.38
3.94
-2.88
2.29
-0.76
-1.71
1.67
-2.67
2.64
-0.25
5.27
5.23
-1.94
6.32
2.62
-2.41
4.19
2.93
-1.26
2.00
3.32
4.66
4.67
-1.25
3.23
3.55
3.95
4.33
2.50
-0.31
-2.04
0.92
2.33
-1.49
0.26
0.58
4.07
-0.22
6.78
2.35
-2.25
2.46
-2.05
1.26
-0.18
4.25
4.77
2.10
1.27
-0.23
6.79
4.91
0.26
1.88
-1.09
1.49
6.03
2.76
1.97
4.61
1.40
4.40
5.00
5.26
-0.89
0.05
-1.12
0.42
-0.10
-1.77
-0.99
5.45
1.60
4.93
5.45
4.29
-1.96
2.97
5.67
1.52
-1.07
-2.80
-0.70
1.56
0.85
-1.19
3.55
2.65
-1.42
0.30
0.34
1.78
3.48
2.28
5.95
6.01
5.31
5.41
6.76
5.25
0.56
0.15
4.53
-1.63
0.12
0.89
3.16
2.77
-2.45
0.18
4.34
0.05
1.02
6.49
4.67
4.21
1.48
-0.28
6.94
-1.75
-0.73
5.16
3.44
-0.58
2.87
-2.04
-0.41
1.48
0.18
-0.22
3.10
-1.42
2.28
0.89
-2.90
0.88
3.97
-1.66
5.16
-1.31
-1.25
2.16
-1.55
1.21
2.41
-2.11
1.55
-1.24
0.56
-2.27
-0.10
6.63
4.80
1.94
0.07
-0.80
0.97
3.60
1.83
2.52
-1.46
5.02
0.01
-0.19
3.55
0.37
0.55
1.63
-0.42
1.99
-1.66
5.35
4.72
1.05
4.41
4.45
2.53
-0.19
-2.87
3.00
3.46
-2.77
3.21
-1.54
6.45
0.47
-1.95
1.38
-0.39
3.03
2.66
1.60
2.57
3.93
6.59
4.56
2.99
2.00
6.13
0.98
6.01
-2.41
0.77
4.00
5.56
-2.61
-2.94
-0.39
-1.59
4.81
-2.03
2.83
0.18
3.36
-0.02
2.11
4.28
-0.20
6.18
-2.88
3.90
5.04
1.91
1.94
1.63
1.27
-0.43
1.10
3.19
2.76
-0.72
4.35
2.54
5.23
2.97
-2.15
-2.00
6.60
6.84
5.98
2.57
-0.96
1.31
0.93
5.88
-2.65
3.69
6.37
5.00
2.64
3.97
5.10
-1.72
-2.95
4.65
3.87
3.06
-2.04
-0.01
2.18
3.15
6.13
-0.49
-2.38
5.97
1.73
-2.77
5.10
-2.65
5.74
0.35
2.07
6.33
1.30
1.75
0.14
6.44
-1.80
3.78
6.09
1.58
-2.45
3.74
-1.60
1.42
6.90
-1.86
2.69
4.57
1.28
-0.71
1.25
5.08
1.21
3.32
6.48
6.56
4.94
-0.34
5.89
0.32
-0.54
2.95
6.10
1.80
5.79
6.43
6.36
3.05
6.62
-2.11
2.06
-1.59
-0.55
6.30
4.37
-0.15
0.37
2.62
-2.85
5.37
5.79
-2.71
6.89
5.15
0.37
4.89
4.02
4.47
0.41
2.05
5.73
-1.59
5.70
5.31
2.15
3.48
4.58
-1.39
-1.52
-0.09
3.33
-0.47
-1.62
3.74
-1.06
0.71
6.63
4.99
-2.19
4.00
4.37
-1.76
3.52
3.88
-0.83
1.94
0.40
-0.03
5.02
-1.43
1.35
0.16
5.19
-1.18
6.81
3.17
-0.98
-1.46
-0.13
-0.57
-2.52
3.94
2.95
2.47
4.64
6.14
-1.06
6.16
-0.31
0.96
4.98
3.23
1.26
5.81
1.00
5.52
5.51
3.17
4.16
0.92
5.58
1.61
5.04
-2.92
-0.70
5.94
3.92
-2.88
4.67
6.87
5.73
6.28
-0.77
-2.30
5.78
2.70
3.80
0.24
6.43
0.76
5.56
1.65
-1.07
-2.32
2.44
3.29
6.72
2.62
-0.84
0.99
-2.44
5.23
-0.99
2.04
-2.93
-0.75
4.30
2.69
5.82
-1.94
6.34
5.00
-0.10
2.14
2.32
2.13
2.38
4.45
5.77
6.27
-0.80
3.92
-1.68
-2.26
0.16
2.62
-1.58
0.38
5.52
-1.67
-2.91
6.50
-0.20
-1.15
4.67
4.67
3.20
5.74
-0.85
5.28
5.13
4.61
0.51
-2.96
1.29
3.24
0.10
0.43
1.02
2.63
0.71
5.11
-0.80
2.43
-2.21
-0.20
-0.72
6.93
4.13
-1.77
0.33
-2.19
-1.04
3.83
-1.47
5.62
5.00
-1.02
5.80
-1.82
4.68
0.43
6.55
-0.72
2.30
1.03
3.07
-0.27
0.75
-0.85
-2.82
0.62
-0.10
6.10
5.73
-2.73
2.68
5.03
2.49
-1.92
-2.28
4.04
-0.77
-1.12
5.54
3.73
6.94
2.02
-0.64
-1.82
-1.19
0.74
3.23
-2.30
6.26
4.08
0.56
4.52
5.03
-0.18
6.83
2.92
3.30
1.98
6.67
6.36
6.86
1.77
-2.33
2.44
4.89
-2.63
1.34
1.59
6.46
5.91
-1.19
0.58
6.70
3.64
1.87
5.18
-0.64
6.45
0.24
3.54
0.81
1.79
-0.71
6.72
-2.71
4.01
4.60
6.52
3.29
6.08
-1.68
6.26
1.57
0.42
-0.01
5.04
-1.98
-0.07
5.44
5.82
4.85
2.52
3.53
-0.91
1.34
-2.75
-1.22
2.89
2.79
-1.84
-2.23
-0.31
0.48
4.49
3.72
3.79
1.19
2.32
-1.63
-0.55
-2.27
6.79
0.99
4.89
0.37
-1.14
5.77
6.76
1.02
-3.00
-0.12
6.89
-0.52
3.76
-1.99
6.96
3.25
-1.47
0.02
-1.36
-1.93
5.09
5.77
5.33
0.69
6.28
3.53
5.93
1.44
1.47
2.05
4.68
4.14
5.95
3.72
0.42
4.55
3.03
-1.68
1.37
4.09
3.36
2.44
6.75
0.05
6.20
-0.38
5.62
3.07
0.66
5.00
-0.07
2.37
-0.75
2.15
-2.27
3.71
1.47
-2.83
3.97
4.18
5.93
0.65
2.60
0.51
2.74
-2.05
3.54
-2.44
2.00
6.09
-1.26
0.60
0.83
6.79
2.51
4.75
3.82
-0.51
-2.41
6.45
2.82
-2.13
1.23
4.16
0.05
1.47
2.26
3.77
4.15
-1.08
3.17
3.92
3.98
-0.08
-2.70
-1.65
6.85
-0.18
-2.71
-1.93
-1.23
3.26
2.46
6.27
5.06
-2.14
-1.47
6.16
6.26
5.76
5.80
6.68
4.25
6.24
3.75
0.50
4.84
0.93
3.84
6.95
-0.07
6.72
6.59
-0.18
3.24
3.71
6.41
-0.94
1.65
0.45
-1.16
0.59
2.24
1.12
5.90
-1.83
5.24
6.75
-1.59
4.83
1.33
-2.42
5.40
1.29
5.71
4.07
0.59
-1.95
-2.58
-2.50
-0.21
6.78
-1.90
-2.01
0.57
5.98
6.90
6.47
6.98
5.96
2.47
-0.48
3.47
-0.83
-2.84
3.50
-2.47
-1.52
3.33
1.46
1.64
5.80
4.24
4.04
-0.46
6.46
-0.31
1.33
-0.52
6.42
4.32
5.29
-1.99
-0.63
5.22
5.14
0.82
5.94
5.09
1.70
2.83
6.57
5.60
6.47
3.33
3.76
3.32
0.00
4.87
6.28
-2.45
0.28
-1.49
1.45
-2.38
5.26
-2.40
4.45
-1.87
5.46
-0.06
3.36
0.04
1.74
1.68
-1.69
2.74
-2.78
-1.06
2.85
4.57
0.35
1.95
3.31
0.05
3.47
5.60
-2.13
5.32
2.32
0.41
-2.89
1.78
2.32
-2.50
-2.85
4.89
0.83
-2.46
3.34
6.94
3.09
3.57
-2.89
5.41
-0.62
6.15
3.69
6.64
0.71
4.27
1.81
4.75
0.81
-2.32
4.55
0.71
5.46
1.98
-1.81
-0.52
5.05
-1.67
3.31
4.64
0.30
5.71
5.59
-1.82
1.08
1.98
1.15
-0.46
1.45
2.44
-0.09
2.83
6.93
-0.44
-0.26
1.51
-1.65
2.80
-0.70
0.33
-1.40
2.22
1.00
3.18
3.12
-0.89
-2.63
2.46
-2.63
-1.84
-2.63
3.64
3.56
1.70
6.21
1.92
3.20
4.26
3.04
6.12
1.71
4.31
5.43
6.50
6.70
0.17
4.11
1.46
0.18
-2.80
6.21
-2.39
3.94
4.11
3.84
-1.27
-2.86
-1.82
4.01
6.89
1.21
2.76
-0.21
5.33
-1.77
-0.71
-0.21
5.11
-1.06
1.51
-2.47
-2.27
3.34
1.48
4.62
-0.66
6.99
6.09
4.07
1.83
6.48
0.05
-1.17
6.37
-0.34
1.09
1.22
-0.72
2.38
0.59
4.29
-1.57
-1.54
2.98
4.55
3.85
6.01
2.22
6.04
4.97
-0.60
0.06
6.63
4.91
1.49
5.58
4.01
6.86
1.93
-2.29
0.81
6.36
-0.84
3.39
0.18
4.91
1.68
0.68
-1.70
3.16
-0.33
1.77
0.97
-0.74
6.93
0.18
6.47
2.15
6.95
3.71
1.65
6.32
0.31
-2.49
6.72
-2.70
5.70
1.01
2.37
-0.73
3.69
6.19
-0.91
4.70
-2.06
-0.34
5.38
-0.23
-0.48
3.80
-1.71
3.66
4.93
-0.34
-1.79
-2.64
3.80
-0.44
4.06
3.80
0.90
-1.60
3.44
1.90
-0.51
-1.58
2.32
5.96
-1.69
-1.46
0.13
6.00
-2.08
4.45
-1.82
6.97
0.25
-1.72
0.85
2.57
4.76
0.26
-1.98
3.19
-0.68
1.63
-2.39
0.88
4.57
-2.06
-2.39
0.09
4.71
1.75
-0.38
3.93
2.96
-1.17
-1.24
0.72
4.83
0.26
0.89
-2.09
6.41
-2.99
-0.63
-0.16
3.00
-1.29
6.71
-0.77
5.34
-2.57
-0.70
2.06
1.37
-2.85
2.58
1.80
2.89
6.25
-1.98
-2.91
-1.99
4.56
2.72
4.22
-2.49
2.89
-2.98
0.93
4.53
-1.09
5.44
-0.39
-0.59
6.96
1.27
6.25
-0.85
6.39
-1.45
1.87
-0.96
-0.23
-1.89
-0.18
3.32
-2.87
5.80
2.92
4.88
6.25
5.58
2.51
4.73
3.16
2.29
-1.32
2.88
-0.53
0.64
0.70
-1.72
-0.07
6.04
6.77
1.37
1.57
5.40
5.14
-1.18
1.68
5.62
0.59
-1.65
-2.45
-1.10
3.90
3.39
3.69
2.14
-0.78
-1.90
-0.50
0.30
-0.10
6.47
-0.81
-1.67
2.80
2.12
2.17
0.26
2.15
-1.94
5.39
0.88
4.50
-2.78
5.14
3.60
4.33
-0.34
2.54
5.60
1.70
-2.28
-2.96
-0.78
5.62
3.50
6.10
1.03
5.62
-2.90
0.32
6.10
-1.98
5.37
5.92
-0.08
-1.63
6.49
-2.48
6.61
-2.92
5.79
-0.87
0.88
-2.00
6.68
5.13
-1.84
6.08
1.64
0.92
-2.97
-2.43
0.61
0.11
5.70
-0.89
-2.61
4.13
-0.66
-0.60
0.25
-2.55
3.98
3.65
3.81
-0.12
-0.33
-2.36
-0.01
0.99
3.13
6.79
6.51
-2.61
0.57
-1.90
3.76
1.82
6.08
0.72
-2.30
2.61
-1.38
3.60
1.65
5.78
2.11
-0.81
-0.98
-2.54
-1.10
3.74
-0.57
3.11
3.91
2.57
6.14
0.51
0.94
-0.19
2.88
-0.72
-0.72
-1.65
1.33
2.85
4.99
-1.80
3.79
-0.03
-0.83
4.49
-0.99
4.68
-2.60
3.45
6.55
1.75
-1.33
-2.29
6.51
-1.94
-1.66
-2.66
2.34
0.64
-0.69
1.50
2.76
-1.62
2.31
-1.52
-0.87
6.67
1.75
0.84
-0.30
6.70
2.82
4.36
3.09
0.61
3.15
-1.29
-0.52
0.69
6.84
1.69
-1.67
0.78
0.28
-1.92
-2.04
-1.05
-1.48
5.58
-1.12
5.27
6.39
1.05
-0.89
3.49
1.83
5.19
1.09
3.31
5.18
4.13
2.86
4.23
2.86
2.58
1.59
0.06
-0.85
0.88
-0.28
2.10
3.86
6.12
-1.71
5.03
-1.64
3.91
-0.73
2.93
-1.49
2.54
5.46
3.53
3.04
6.06
-1.85
3.51
5.54
6.96
-2.18
0.35
-1.53
2.10
1.12
2.18
-2.40
1.11
1.74
5.85
2.09
0.69
1.98
-2.76
0.45
-1.32
6.31
1.33
1.38
0.03
0.11
6.20
0.24
2.93
-2.11
3.07
-2.27
-0.48
5.54
-0.33
-0.44
-2.03
6.72
2.28
4.18
6.65
6.31
5.15
-2.20
-2.24
-0.11
3.13
6.23
5.09
4.51
3.38
2.76
3.77
-2.14
2.53
1.51
4.51
5.20
1.76
0.35
3.76
-1.58
1.16
-0.64
4.80
-0.05
-2.73
5.90
1.63
0.29
-1.05
4.08
2.54
2.37
4.89
-0.81
-1.34
2.18
3.46
2.99
-0.40
-0.96
3.20
2.20
6.51
6.22
3.70
-2.44
4.58
5.16
4.41
0.02
2.11
-1.19
-2.16
0.17
0.08
2.70
5.10
-2.66
4.79
2.94
6.97
5.18
2.30
-0.85
6.07
2.06
2.79
2.43
1.76
4.55
-2.27
0.27
5.03
-1.28
2.74
1.32
-0.49
-0.37
1.38
3.67
6.40
3.81
2.55
6.26
5.07
-0.63
-2.49
-1.23
0.13
2.60
1.59
1.07
3.17
3.40
3.19
-1.57
-0.55
-2.40
5.06
0.98
-0.13
-0.14
2.04
2.34
-0.46
5.08
-1.96
1.69
-1.84
5.52
6.87
1.19
6.73
5.34
-2.19
1.54
1.81
-2.52
0.24
-2.40
2.84
-2.30
-0.50
0.63
0.11
4.39
-0.45
4.18
5.38
-1.91
-1.54
5.05
5.09
6.38
6.54
5.33
-1.82
2.35
1.03
4.06
2.13
2.80
4.34
-1.23
-2.67
6.07
3.42
4.35
3.59
2.18
6.18
3.87
-0.61
0.08
4.46
0.57
-1.77
5.97
-0.50
-2.44
6.49
6.98
3.45
3.78
0.15
1.90
2.69
-1.00
4.33
6.90
-0.30
-0.07
4.75
2.64
3.60
2.08
4.64
3.81
0.97
2.11
2.72
5.82
3.09
4.16
4.70
3.07
6.62
4.67
-1.54
3.31
6.68
-1.45
-1.81
-2.80
1.33
1.42
1.88
4.11
3.40
-0.67
5.75
0.72
